10	6410925	6412027	+	1102	10	6417145	6417696	-	551	6220	Support: 8		TCGA-73-4677-11A-01D-1203-02 8
10	27224145	27225196	-	1051	10	27228648	27229699	+	1051	4503	Support: 12		TCGA-73-4677-11A-01D-1203-02 12
10	27223594	27224696	+	1102	10	27227644	27228195	-	551	4050	Support: 14		TCGA-73-4677-11A-01D-1203-02 14
10	42538048	42539099	-	1051	10	42816690	42817241	-	551	278642	Support: 5		TCGA-73-4677-11A-01D-1203-02 5
10	43097106	43098157	-	1051	10	43099211	43099762	-	551	2105	Support: 6		TCGA-73-4677-11A-01D-1203-02 6
10	47022612	47023663	-	1051	10	47059077	47059628	-	551	36465	Support: 5		TCGA-73-4677-11A-01D-1203-02 5
10	47022612	47023663	-	1051	10	47059077	47059628	-	551	36465	Support: 5		TCGA-73-4677-11A-01D-1203-02 5
10	61361345	61362447	+	1102	10	61364524	61365075	-	551	3179	Support: 6		TCGA-73-4677-11A-01D-1203-02 6
10	81473445	81474547	+	1102	10	81504795	81505346	-	551	31350	Support: 6		TCGA-73-4677-11A-01D-1203-02 6
10	94133987	94135089	+	1102	10	94137159	94137710	-	551	3172	Support: 10		TCGA-73-4677-11A-01D-1203-02 10
10	94202174	94203276	+	1102	10	94204553	94205104	-	551	2379	Support: 6		TCGA-73-4677-11A-01D-1203-02 6
10	99034245	99035347	+	1102	10	99036918	99037469	-	551	2673	Support: 16		TCGA-73-4677-11A-01D-1203-02 16
10	104956250	104957301	-	1051	10	104965296	104965847	-	551	9046	Support: 6		TCGA-73-4677-11A-01D-1203-02 6
10	111571521	111572623	+	1102	10	111577953	111578504	-	551	6432	Support: 6		TCGA-73-4677-11A-01D-1203-02 6
10	127190084	127191186	+	1102	10	127196562	127197613	+	1051	6478	Support: 8		TCGA-73-4677-11A-01D-1203-02 8
