1	2586114	2587165	-	1051	1	2599422	2600473	+	1051	13308	Support: 7		TCGA-73-4677-11A-01D-1203-02 7
1	2582948	2583999	-	1051	1	2616639	2617690	+	1051	33691	Support: 7		TCGA-73-4677-11A-01D-1203-02 7
1	2586058	2587160	+	1102	1	2595668	2596219	-	551	9610	Support: 6		TCGA-73-4677-11A-01D-1203-02 6
1	2583198	2584249	-	1051	1	2595767	2596818	+	1051	12569	Support: 8		TCGA-73-4677-11A-01D-1203-02 8
1	2585410	2586461	-	1051	1	2589544	2590595	+	1051	4134	Support: 6		TCGA-73-4677-11A-01D-1203-02 6
1	2583349	2584400	-	1051	1	2586292	2587343	+	1051	2943	Support: 6		TCGA-73-4677-11A-01D-1203-02 6
1	2584891	2585942	-	1051	1	2614331	2615382	+	1051	29440	Support: 5		TCGA-73-4677-11A-01D-1203-02 5
1	2584583	2585634	-	1051	1	2593688	2594739	+	1051	9105	Support: 6		TCGA-73-4677-11A-01D-1203-02 6
1	2625082	2626133	-	1051	1	2628738	2629789	+	1051	3656	Support: 6		TCGA-73-4677-11A-01D-1203-02 6
1	2583819	2584870	-	1051	1	2626927	2627978	+	1051	43108	Support: 8		TCGA-73-4677-11A-01D-1203-02 8
1	2600875	2601926	-	1051	1	2619274	2620325	+	1051	18399	Support: 6		TCGA-73-4677-11A-01D-1203-02 6
1	2583835	2584886	-	1051	1	2629558	2630609	+	1051	45723	Support: 8		TCGA-73-4677-11A-01D-1203-02 8
1	2597599	2598650	-	1051	1	2625250	2626301	+	1051	27651	Support: 6		TCGA-73-4677-11A-01D-1203-02 6
1	2585693	2586744	-	1051	1	2620587	2621638	+	1051	34894	Support: 7		TCGA-73-4677-11A-01D-1203-02 7
1	2618986	2620088	+	1102	1	2627555	2628106	-	551	8569	Support: 5		TCGA-73-4677-11A-01D-1203-02 5
1	2582948	2583999	-	1051	1	2617803	2618854	+	1051	34855	Support: 9		TCGA-73-4677-11A-01D-1203-02 9
1	2610543	2611594	-	1051	1	2624313	2625364	+	1051	13770	Support: 6		TCGA-73-4677-11A-01D-1203-02 6
1	2582948	2583999	-	1051	1	2618118	2619169	+	1051	35170	Support: 5		TCGA-73-4677-11A-01D-1203-02 5
1	2607985	2609036	-	1051	1	2689011	2690062	+	1051	81026	Support: 6		TCGA-73-4677-11A-01D-1203-02 6
1	2583819	2584870	-	1051	1	2624703	2625754	+	1051	40884	Support: 7		TCGA-73-4677-11A-01D-1203-02 7
1	2608529	2609580	-	1051	1	2622665	2623716	+	1051	14136	Support: 6		TCGA-73-4677-11A-01D-1203-02 6
1	2583819	2584870	-	1051	1	2623348	2624399	+	1051	39529	Support: 6		TCGA-73-4677-11A-01D-1203-02 6
1	2605062	2606113	-	1051	1	2625043	2626094	+	1051	19981	Support: 6		TCGA-73-4677-11A-01D-1203-02 6
1	2582948	2583999	-	1051	1	2616639	2617690	+	1051	33691	Support: 10		TCGA-73-4677-11A-01D-1203-02 10
1	2605557	2606659	+	1102	1	2626511	2627062	-	551	20954	Support: 6		TCGA-73-4677-11A-01D-1203-02 6
1	2582948	2583999	-	1051	1	2615742	2616793	+	1051	32794	Support: 16		TCGA-73-4677-11A-01D-1203-02 16
1	2617825	2618927	+	1102	1	2629514	2630065	-	551	11689	Support: 6		TCGA-73-4677-11A-01D-1203-02 6
1	2582948	2583999	-	1051	1	2614331	2615382	+	1051	31383	Support: 5		TCGA-73-4677-11A-01D-1203-02 5
1	2602770	2603821	-	1051	1	2612324	2613375	+	1051	9554	Support: 5		TCGA-73-4677-11A-01D-1203-02 5
1	2583927	2584978	-	1051	1	2611435	2612486	+	1051	27508	Support: 5		TCGA-73-4677-11A-01D-1203-02 5
1	2617813	2618915	+	1102	1	2622123	2622674	-	551	4310	Support: 6		TCGA-73-4677-11A-01D-1203-02 6
1	2617825	2618927	+	1102	1	2628059	2628610	-	551	10234	Support: 7		TCGA-73-4677-11A-01D-1203-02 7
1	2616422	2617473	-	1051	1	2628634	2629685	+	1051	12212	Support: 8		TCGA-73-4677-11A-01D-1203-02 8
1	2612384	2613486	+	1102	1	2626510	2627061	-	551	14126	Support: 6		TCGA-73-4677-11A-01D-1203-02 6
1	6668925	6669976	-	1051	1	6671911	6672962	+	1051	2986	Support: 10		TCGA-73-4677-11A-01D-1203-02 10
1	16151282	16152384	+	1102	1	16155004	16155555	-	551	3722	Support: 6		TCGA-73-4677-11A-01D-1203-02 6
1	16376031	16377082	-	1051	1	16385740	16386791	+	1051	9709	Support: 12		TCGA-73-4677-11A-01D-1203-02 12
1	16890370	16891421	-	1051	1	16893296	16894347	+	1051	2926	Support: 8		TCGA-73-4677-11A-01D-1203-02 8
1	16833976	16835078	+	1102	1	17070817	17071868	+	1051	236841	Support: 6		TCGA-73-4677-11A-01D-1203-02 6
1	17051238	17052289	-	1051	1	234911686	234912237	-	551	217860448	Support: 27		TCGA-73-4677-11A-01D-1203-02 27
1	16833976	16835078	+	1102	1	17070817	17071868	+	1051	236841	Support: 6		TCGA-73-4677-11A-01D-1203-02 6
1	25157991	25159093	+	1102	1	25161009	25161560	-	551	3018	Support: 8		TCGA-73-4677-11A-01D-1203-02 8
1	36733185	36734236	-	1051	1	36734009	36734560	-	551	824	Support: 8		TCGA-73-4677-11A-01D-1203-02 8
1	56830474	56831576	+	1102	1	56834527	56835078	-	551	4053	Support: 6		TCGA-73-4677-11A-01D-1203-02 6
1	94287755	94288857	+	1102	1	94290835	94291386	-	551	3080	Support: 8		TCGA-73-4677-11A-01D-1203-02 8
1	113610726	113611828	+	1102	1	113613338	113613889	-	551	2612	Support: 6		TCGA-73-4677-11A-01D-1203-02 6
1	120042419	120043521	+	1102	1	120064505	120065056	-	551	22086	Support: 6		TCGA-73-4677-11A-01D-1203-02 6
1	120547771	120548873	+	1102	1	120550965	120551516	-	551	3194	Support: 8		TCGA-73-4677-11A-01D-1203-02 8
1	120629971	120631073	+	1102	1	145079563	145080614	+	1051	24449592	Support: 7		TCGA-73-4677-11A-01D-1203-02 7
1	144900576	144901678	+	1102	1	144906393	144906944	-	551	5817	Support: 10		TCGA-73-4677-11A-01D-1203-02 10
1	145108552	145109603	-	1051	1	148183447	148183998	-	551	3074895	Support: 5		TCGA-73-4677-11A-01D-1203-02 5
1	120629971	120631073	+	1102	1	145079563	145080614	+	1051	24449592	Support: 7		TCGA-73-4677-11A-01D-1203-02 7
1	145092346	145093448	+	1102	1	145096587	145097138	-	551	4241	Support: 42		TCGA-73-4677-11A-01D-1203-02 42
1	145108552	145109603	-	1051	1	148183447	148183998	-	551	3074895	Support: 5		TCGA-73-4677-11A-01D-1203-02 5
1	149328290	149329392	+	1102	1	149332342	149332893	-	551	4052	Support: 8		TCGA-73-4677-11A-01D-1203-02 8
1	156526116	156527218	+	1102	1	156528488	156529039	-	551	2372	Support: 5		TCGA-73-4677-11A-01D-1203-02 5
1	156526116	156527218	+	1102	1	156528458	156529009	-	551	2342	Support: 10		TCGA-73-4677-11A-01D-1203-02 10
1	197499915	197501017	+	1102	1	197502778	197503329	-	551	2863	Support: 12		TCGA-73-4677-11A-01D-1203-02 12
1	210077412	210078514	+	1102	1	210085570	210086121	-	551	8158	Support: 8		TCGA-73-4677-11A-01D-1203-02 8
1	213751294	213752396	+	1102	1	213755104	213755655	-	551	3810	Support: 6		TCGA-73-4677-11A-01D-1203-02 6
1	17051238	17052289	-	1051	1	234911686	234912237	-	551	217860448	Support: 27		TCGA-73-4677-11A-01D-1203-02 27
1	236548459	236549561	+	1102	1	236550982	236551533	-	551	2523	Support: 6		TCGA-73-4677-11A-01D-1203-02 6
1	248050898	248052000	+	1102	1	248057178	248057729	-	551	6280	Support: 18		TCGA-73-4677-11A-01D-1203-02 18
