8	593792	594894	+	1102	8	598920	599471	-	551	5128	Support: 32		TCGA-73-4677-11A-01D-1203-02 32
8	12232857	12233959	+	1102	8	12235755	12236306	-	551	2898	Support: 6		TCGA-73-4677-11A-01D-1203-02 6
8	25066035	25067137	+	1102	8	25070205	25070756	-	551	4170	Support: 6		TCGA-73-4677-11A-01D-1203-02 6
8	25410005	25411107	+	1102	8	25416305	25416856	-	551	6300	Support: 6		TCGA-73-4677-11A-01D-1203-02 6
8	32679398	32680500	+	1102	8	32690771	32691322	-	551	11373	Support: 22		TCGA-73-4677-11A-01D-1203-02 22
8	40773868	40774970	+	1102	8	40779306	40779857	-	551	5438	Support: 6		TCGA-73-4677-11A-01D-1203-02 6
8	42189795	42190897	+	1102	8	42193937	42194488	-	551	4142	Support: 10		TCGA-73-4677-11A-01D-1203-02 10
8	58122442	58123544	+	1102	8	58126926	58127477	-	551	4484	Support: 60		TCGA-73-4677-11A-01D-1203-02 60
8	58116014	58117065	-	1051	8	58122409	58123460	+	1051	6395	Support: 8		TCGA-73-4677-11A-01D-1203-02 8
8	58117808	58118859	-	1051	8	58127391	58128442	+	1051	9583	Support: 40		TCGA-73-4677-11A-01D-1203-02 40
8	73787135	73788237	+	1102	8	73793320	73793871	-	551	6185	Support: 16		TCGA-73-4677-11A-01D-1203-02 16
8	86799417	86800519	+	1102	8	86811295	86811846	-	551	11878	Support: 6		TCGA-73-4677-11A-01D-1203-02 6
8	86754943	86756045	+	1102	8	86785555	86786106	-	551	30612	Support: 6		TCGA-73-4677-11A-01D-1203-02 6
8	86785564	86786615	-	1051	8	86825399	86826450	+	1051	39835	Support: 10		TCGA-73-4677-11A-01D-1203-02 10
8	86730734	86731836	+	1102	8	86823411	86824462	+	1051	92677	Support: 6		TCGA-73-4677-11A-01D-1203-02 6
8	86784348	86785399	-	1051	8	86824164	86825215	+	1051	39816	Support: 6		TCGA-73-4677-11A-01D-1203-02 6
8	112293427	112294529	+	1102	8	112296700	112297251	-	551	3273	Support: 8		TCGA-73-4677-11A-01D-1203-02 8
8	126594518	126595620	+	1102	8	126600645	126601196	-	551	6127	Support: 14		TCGA-73-4677-11A-01D-1203-02 14
8	127191550	127192652	+	1102	8	127194083	127194634	-	551	2533	Support: 6		TCGA-73-4677-11A-01D-1203-02 6
8	129464552	129465654	+	1102	8	129470774	129471325	-	551	6222	Support: 16		TCGA-73-4677-11A-01D-1203-02 16
