3	4066331	4067433	+	1102	3	4069082	4069633	-	551	2751	Support: 10		TCGA-73-4677-11A-01D-1203-02 10
3	8820983	8822085	+	1102	3	8859870	8860921	+	1051	38887	Support: 10		TCGA-73-4677-11A-01D-1203-02 10
3	8820544	8821595	-	1051	3	8823217	8823768	-	551	2673	Support: 8		TCGA-73-4677-11A-01D-1203-02 8
3	32101419	32102521	+	1102	3	32107411	32107962	-	551	5992	Support: 10		TCGA-73-4677-11A-01D-1203-02 10
3	42837768	42838870	+	1102	3	42840318	42840869	-	551	2550	Support: 17		TCGA-73-4677-11A-01D-1203-02 17
3	58534045	58535147	+	1102	3	58536885	58537436	-	551	2840	Support: 8		TCGA-73-4677-11A-01D-1203-02 8
3	68739081	68740183	+	1102	3	68747379	68747930	-	551	8298	Support: 6		TCGA-73-4677-11A-01D-1203-02 6
3	95467631	95468682	-	1051	3	95470349	95471400	+	1051	2718	Support: 6		TCGA-73-4677-11A-01D-1203-02 6
3	95465116	95466218	+	1102	3	95470310	95470861	-	551	5194	Support: 12		TCGA-73-4677-11A-01D-1203-02 12
3	98898346	98899448	+	1102	3	98901897	98902448	-	551	3551	Support: 6		TCGA-73-4677-11A-01D-1203-02 6
3	129762749	129763851	+	1102	3	129806250	129806801	-	551	43501	Support: 9		TCGA-73-4677-11A-01D-1203-02 9
3	129762749	129763851	+	1102	3	129806250	129806801	-	551	43501	Support: 9		TCGA-73-4677-11A-01D-1203-02 9
3	162525120	162526222	+	1102	3	162547045	162548096	+	1051	21925	Support: 12		TCGA-73-4677-11A-01D-1203-02 12
3	186580426	186581528	+	1102	3	186584781	186585332	-	551	4355	Support: 12		TCGA-73-4677-11A-01D-1203-02 12
3	189736680	189737782	+	1102	3	189740029	189740580	-	551	3349	Support: 6		TCGA-73-4677-11A-01D-1203-02 6
3	191064080	191065182	+	1102	3	191071239	191071790	-	551	7159	Support: 6		TCGA-73-4677-11A-01D-1203-02 6
3	192874730	192875832	+	1102	3	192884904	192885455	-	551	10174	Support: 14		TCGA-73-4677-11A-01D-1203-02 14
