16	19944825	19945927	+	1102	16	19967167	19967718	-	551	22342	Support: 8		TCGA-73-4677-11A-01D-1203-02 8
16	21593803	21594905	+	1102	16	22710144	22711195	+	1051	1116341	Support: 11		TCGA-73-4677-11A-01D-1203-02 11
16	21593803	21594905	+	1102	16	22710144	22711195	+	1051	1116341	Support: 11		TCGA-73-4677-11A-01D-1203-02 11
16	25339508	25340610	+	1102	16	25342657	25343208	-	551	3149	Support: 12		TCGA-73-4677-11A-01D-1203-02 12
16	27952497	27953548	-	1051	16	27953050	27953601	-	551	553	Support: 6		TCGA-73-4677-11A-01D-1203-02 6
16	32943739	32944790	-	1051	16	33725248	33725799	-	551	781509	Support: 5		TCGA-73-4677-11A-01D-1203-02 5
16	32943739	32944790	-	1051	16	33725248	33725799	-	551	781509	Support: 5		TCGA-73-4677-11A-01D-1203-02 5
16	33896533	33897635	+	1102	16	46422299	46423350	+	1051	12525766	Support: 6		TCGA-73-4677-11A-01D-1203-02 6
16	33878043	33879094	-	1051	16	46402025	46402576	-	551	12523982	Support: 7		TCGA-73-4677-11A-01D-1203-02 7
16	33893636	33894687	-	1051	16	46431737	46432288	-	551	12538101	Support: 5		TCGA-73-4677-11A-01D-1203-02 5
16	33878382	33879484	+	1102	16	46425819	46426370	-	551	12547437	Support: 5		TCGA-73-4677-11A-01D-1203-02 5
16	33896067	33897169	+	1102	16	46390775	46391326	-	551	12494708	Support: 8		TCGA-73-4677-11A-01D-1203-02 8
16	33896067	33897169	+	1102	16	46394075	46394626	-	551	12498008	Support: 5		TCGA-73-4677-11A-01D-1203-02 5
16	33893636	33894687	-	1051	16	46425891	46426442	-	551	12532255	Support: 6		TCGA-73-4677-11A-01D-1203-02 6
16	33881003	33882054	-	1051	16	46434871	46435922	+	1051	12553868	Support: 7		TCGA-73-4677-11A-01D-1203-02 7
16	33881003	33882054	-	1051	16	46432516	46433567	+	1051	12551513	Support: 5		TCGA-73-4677-11A-01D-1203-02 5
16	34391505	34392607	+	1102	16	34757102	34758153	+	1051	365597	Support: 7		TCGA-73-4677-11A-01D-1203-02 7
16	34391505	34392607	+	1102	16	34757102	34758153	+	1051	365597	Support: 7		TCGA-73-4677-11A-01D-1203-02 7
16	70214188	70215239	-	1051	16	70220724	70221775	+	1051	6536	Support: 6		TCGA-73-4677-11A-01D-1203-02 6
16	76538507	76539609	+	1102	16	76543526	76544077	-	551	5019	Support: 6		TCGA-73-4677-11A-01D-1203-02 6
16	78371019	78372121	+	1102	16	78384475	78385026	-	551	13456	Support: 10		TCGA-73-4677-11A-01D-1203-02 10
16	88112032	88113134	+	1102	16	88115186	88115737	-	551	3154	Support: 8		TCGA-73-4677-11A-01D-1203-02 8
