9	2147061	2148163	+	1102	9	2151052	2151603	-	551	3991	Support: 10		TCGA-73-4677-11A-01D-1203-02 10
9	15814682	15815784	+	1102	9	15821436	15821987	-	551	6754	Support: 6		TCGA-73-4677-11A-01D-1203-02 6
9	66455233	66456284	-	1051	9	68413597	68414148	-	551	1958364	Support: 6		TCGA-73-4677-11A-01D-1203-02 6
9	66501027	66502129	+	1102	9	66506070	66506621	-	551	5043	Support: 8		TCGA-73-4677-11A-01D-1203-02 8
9	66469421	66470472	-	1051	9	66478223	66478774	-	551	8802	Support: 10		TCGA-73-4677-11A-01D-1203-02 10
9	66821191	66822242	-	1051	9	67320317	67321368	+	1051	499126	Support: 22		TCGA-73-4677-11A-01D-1203-02 22
9	66803539	66804641	+	1102	9	66971043	66972094	+	1051	167504	Support: 5		TCGA-73-4677-11A-01D-1203-02 5
9	66819753	66820804	-	1051	9	67320317	67321368	+	1051	500564	Support: 7		TCGA-73-4677-11A-01D-1203-02 7
9	66791525	66792576	-	1051	9	67320317	67321368	+	1051	528792	Support: 8		TCGA-73-4677-11A-01D-1203-02 8
9	66803539	66804641	+	1102	9	66971043	66972094	+	1051	167504	Support: 5		TCGA-73-4677-11A-01D-1203-02 5
9	66971039	66972141	+	1102	9	70009458	70010509	+	1051	3038419	Support: 6		TCGA-73-4677-11A-01D-1203-02 6
9	66970745	66971847	+	1102	9	67320305	67321356	+	1051	349560	Support: 10		TCGA-73-4677-11A-01D-1203-02 10
9	66971039	66972141	+	1102	9	69710554	69711605	+	1051	2739515	Support: 7		TCGA-73-4677-11A-01D-1203-02 7
9	66971039	66972141	+	1102	9	69991427	69992478	+	1051	3020388	Support: 6		TCGA-73-4677-11A-01D-1203-02 6
9	67320308	67321410	+	1102	9	69984162	69984713	-	551	2663854	Support: 15		TCGA-73-4677-11A-01D-1203-02 15
9	66819753	66820804	-	1051	9	67320317	67321368	+	1051	500564	Support: 7		TCGA-73-4677-11A-01D-1203-02 7
9	67320308	67321410	+	1102	9	69710199	69710750	-	551	2389891	Support: 14		TCGA-73-4677-11A-01D-1203-02 14
9	66970745	66971847	+	1102	9	67320305	67321356	+	1051	349560	Support: 10		TCGA-73-4677-11A-01D-1203-02 10
9	67320308	67321410	+	1102	9	70009495	70010046	-	551	2689187	Support: 5		TCGA-73-4677-11A-01D-1203-02 5
9	66791525	66792576	-	1051	9	67320317	67321368	+	1051	528792	Support: 8		TCGA-73-4677-11A-01D-1203-02 8
9	66821191	66822242	-	1051	9	67320317	67321368	+	1051	499126	Support: 22		TCGA-73-4677-11A-01D-1203-02 22
9	66455233	66456284	-	1051	9	68413597	68414148	-	551	1958364	Support: 6		TCGA-73-4677-11A-01D-1203-02 6
9	66970728	66971830	+	1102	9	69710554	69711605	+	1051	2739826	Support: 7		TCGA-73-4677-11A-01D-1203-02 7
9	67320305	67321407	+	1102	9	69710199	69710750	-	551	2389894	Support: 15		TCGA-73-4677-11A-01D-1203-02 15
9	66970623	66971674	-	1051	9	69710576	69711127	-	551	2739953	Support: 5		TCGA-73-4677-11A-01D-1203-02 5
9	66970811	66971913	+	1102	9	70009458	70010509	+	1051	3038647	Support: 5		TCGA-73-4677-11A-01D-1203-02 5
9	67320308	67321410	+	1102	9	69984162	69984713	-	551	2663854	Support: 15		TCGA-73-4677-11A-01D-1203-02 15
9	66970811	66971913	+	1102	9	69991427	69992478	+	1051	3020616	Support: 6		TCGA-73-4677-11A-01D-1203-02 6
9	67320308	67321410	+	1102	9	70009495	70010046	-	551	2689187	Support: 5		TCGA-73-4677-11A-01D-1203-02 5
9	71737472	71738574	+	1102	9	71742850	71743401	-	551	5378	Support: 22		TCGA-73-4677-11A-01D-1203-02 22
9	83967323	83968425	+	1102	9	83970191	83970742	-	551	2868	Support: 8		TCGA-73-4677-11A-01D-1203-02 8
9	84323762	84324864	+	1102	9	84326422	84326973	-	551	2660	Support: 14		TCGA-73-4677-11A-01D-1203-02 14
9	110536935	110538037	+	1102	9	110540152	110540703	-	551	3217	Support: 8		TCGA-73-4677-11A-01D-1203-02 8
9	113029561	113030612	-	1051	9	113036690	113037741	+	1051	7129	Support: 6		TCGA-73-4677-11A-01D-1203-02 6
9	113023913	113025015	+	1102	9	113036589	113037140	-	551	12676	Support: 8		TCGA-73-4677-11A-01D-1203-02 8
9	130180887	130181989	+	1102	9	130185646	130186197	-	551	4759	Support: 12		TCGA-73-4677-11A-01D-1203-02 12
9	133030024	133031126	+	1102	9	133034303	133034854	-	551	4279	Support: 6		TCGA-73-4677-11A-01D-1203-02 6
9	133382441	133383543	+	1102	9	133386933	133387484	-	551	4492	Support: 6		TCGA-73-4677-11A-01D-1203-02 6
9	140252870	140253972	+	1102	9	140255528	140256079	-	551	2658	Support: 12		TCGA-73-4677-11A-01D-1203-02 12
