11	47056989	47058091	+	1102	11	47063232	47063783	-	551	6243	Support: 6		TCGA-73-4677-11A-01D-1203-02 6
11	48366852	48367954	+	1102	11	48373198	48373749	-	551	6346	Support: 8		TCGA-73-4677-11A-01D-1203-02 8
11	48600244	48601346	+	1102	11	48603806	48604357	-	551	3562	Support: 6		TCGA-73-4677-11A-01D-1203-02 6
11	48854293	48855344	-	1051	11	51584231	51584782	-	551	2729938	Support: 15		TCGA-73-4677-11A-01D-1203-02 15
11	48862640	48863691	-	1051	11	51587832	51588383	-	551	2725192	Support: 7		TCGA-73-4677-11A-01D-1203-02 7
11	48817386	48818488	+	1102	11	48846626	48847677	+	1051	29240	Support: 6		TCGA-73-4677-11A-01D-1203-02 6
11	48854293	48855344	-	1051	11	51589887	51590438	-	551	2735594	Support: 30		TCGA-73-4677-11A-01D-1203-02 30
11	48854293	48855344	-	1051	11	51582176	51582727	-	551	2727883	Support: 24		TCGA-73-4677-11A-01D-1203-02 24
11	48854293	48855344	-	1051	11	51585794	51586345	-	551	2731501	Support: 34		TCGA-73-4677-11A-01D-1203-02 34
11	48854293	48855344	-	1051	11	51592399	51592950	-	551	2738106	Support: 6		TCGA-73-4677-11A-01D-1203-02 6
11	48854293	48855344	-	1051	11	51587832	51588383	-	551	2733539	Support: 31		TCGA-73-4677-11A-01D-1203-02 31
11	48854293	48855344	-	1051	11	51580133	51580684	-	551	2725840	Support: 9		TCGA-73-4677-11A-01D-1203-02 9
11	48959142	48960244	+	1102	11	51589880	51590431	-	551	2630738	Support: 6		TCGA-73-4677-11A-01D-1203-02 6
11	50694674	50695725	-	1051	11	51588360	51588911	-	551	893686	Support: 6		TCGA-73-4677-11A-01D-1203-02 6
11	63698405	63699456	-	1051	11	63701319	63702370	+	1051	2914	Support: 10		TCGA-73-4677-11A-01D-1203-02 10
11	63698310	63699412	+	1102	11	63701156	63701707	-	551	2846	Support: 12		TCGA-73-4677-11A-01D-1203-02 12
11	102302961	102304063	+	1102	11	102307021	102307572	-	551	4060	Support: 6		TCGA-73-4677-11A-01D-1203-02 6
11	104267130	104268232	+	1102	11	104272730	104273281	-	551	5600	Support: 6		TCGA-73-4677-11A-01D-1203-02 6
11	107651741	107652792	-	1051	11	107671099	107672150	+	1051	19358	Support: 6		TCGA-73-4677-11A-01D-1203-02 6
11	114424284	114425386	+	1102	11	114431482	114432033	-	551	7198	Support: 6		TCGA-73-4677-11A-01D-1203-02 6
