2	1532759	1533861	+	1102	2	1537579	1538130	-	551	4820	Support: 6		TCGA-73-4677-11A-01D-1203-02 6
2	1528967	1530018	-	1051	2	1535787	1536838	+	1051	6820	Support: 12		TCGA-73-4677-11A-01D-1203-02 12
2	1530133	1531184	-	1051	2	1536121	1537172	+	1051	5988	Support: 8		TCGA-73-4677-11A-01D-1203-02 8
2	4212064	4213166	+	1102	2	4222987	4223538	-	551	10923	Support: 6		TCGA-73-4677-11A-01D-1203-02 6
2	4780681	4781783	+	1102	2	4786853	4787404	-	551	6172	Support: 12		TCGA-73-4677-11A-01D-1203-02 12
2	17584517	17585619	+	1102	2	17590221	17590772	-	551	5704	Support: 6		TCGA-73-4677-11A-01D-1203-02 6
2	33091142	33092244	+	1102	2	33095125	33095676	-	551	3983	Support: 12		TCGA-73-4677-11A-01D-1203-02 12
2	33223838	33224940	+	1102	2	33226793	33227344	-	551	2955	Support: 12		TCGA-73-4677-11A-01D-1203-02 12
2	33764119	33765170	-	1051	2	33767382	33767933	-	551	3263	Support: 10		TCGA-73-4677-11A-01D-1203-02 10
2	33763972	33765074	+	1102	2	33764612	33765663	+	1051	640	Support: 6		TCGA-73-4677-11A-01D-1203-02 6
2	34695150	34696252	+	1102	2	34736065	34736616	-	551	40915	Support: 6		TCGA-73-4677-11A-01D-1203-02 6
2	34695150	34696252	+	1102	2	34736065	34736616	-	551	40915	Support: 6		TCGA-73-4677-11A-01D-1203-02 6
2	41972513	41973615	+	1102	2	41975367	41975918	-	551	2854	Support: 10		TCGA-73-4677-11A-01D-1203-02 10
2	61700322	61701373	-	1051	2	61702699	61703250	-	551	2377	Support: 22		TCGA-73-4677-11A-01D-1203-02 22
2	61700151	61701253	+	1102	2	61702834	61703885	+	1051	2683	Support: 18		TCGA-73-4677-11A-01D-1203-02 18
2	72439855	72440957	+	1102	2	72440646	72441697	+	1051	791	Support: 8		TCGA-73-4677-11A-01D-1203-02 8
2	76525877	76526979	+	1102	2	76528411	76528962	-	551	2534	Support: 8		TCGA-73-4677-11A-01D-1203-02 8
2	79075963	79077065	+	1102	2	79080747	79081298	-	551	4784	Support: 18		TCGA-73-4677-11A-01D-1203-02 18
2	79329781	79330832	-	1051	2	79343130	79344181	+	1051	13349	Support: 6		TCGA-73-4677-11A-01D-1203-02 6
2	89028629	89029731	+	1102	2	89031802	89032353	-	551	3173	Support: 22		TCGA-73-4677-11A-01D-1203-02 22
2	89874760	89875862	+	1102	2	89878582	89879133	-	551	3822	Support: 31		TCGA-73-4677-11A-01D-1203-02 31
2	89866897	89867948	-	1051	2	89874369	89874920	-	551	7472	Support: 18		TCGA-73-4677-11A-01D-1203-02 18
2	89841709	89842760	-	1051	2	91596560	91597111	-	551	1754851	Support: 5		TCGA-73-4677-11A-01D-1203-02 5
2	89867712	89868814	+	1102	2	89878731	89879782	+	1051	11019	Support: 6		TCGA-73-4677-11A-01D-1203-02 6
2	89874760	89875862	+	1102	2	89877927	89878478	-	551	3167	Support: 25		TCGA-73-4677-11A-01D-1203-02 25
2	89871575	89872626	-	1051	2	89878615	89879166	-	551	7040	Support: 6		TCGA-73-4677-11A-01D-1203-02 6
2	89874778	89875829	-	1051	2	89878748	89879799	+	1051	3970	Support: 21		TCGA-73-4677-11A-01D-1203-02 21
2	89871570	89872672	+	1102	2	89877941	89878992	+	1051	6371	Support: 8		TCGA-73-4677-11A-01D-1203-02 8
2	89872334	89873385	-	1051	2	89877975	89878526	-	551	5641	Support: 6		TCGA-73-4677-11A-01D-1203-02 6
2	89871568	89872670	+	1102	2	89875031	89876082	+	1051	3463	Support: 26		TCGA-73-4677-11A-01D-1203-02 26
2	89872273	89873375	+	1102	2	89874751	89875802	+	1051	2478	Support: 10		TCGA-73-4677-11A-01D-1203-02 10
2	89867704	89868806	+	1102	2	89874760	89875811	+	1051	7056	Support: 10		TCGA-73-4677-11A-01D-1203-02 10
2	89871569	89872620	-	1051	2	89874782	89875333	-	551	3213	Support: 16		TCGA-73-4677-11A-01D-1203-02 16
2	89867501	89868552	-	1051	2	89874369	89874920	-	551	6868	Support: 8		TCGA-73-4677-11A-01D-1203-02 8
2	89871570	89872672	+	1102	2	89878732	89879783	+	1051	7162	Support: 10		TCGA-73-4677-11A-01D-1203-02 10
2	89867712	89868814	+	1102	2	89878732	89879783	+	1051	11020	Support: 14		TCGA-73-4677-11A-01D-1203-02 14
2	89871118	89872220	+	1102	2	89874740	89875791	+	1051	3622	Support: 6		TCGA-73-4677-11A-01D-1203-02 6
2	89866893	89867995	+	1102	2	89874781	89875332	-	551	7888	Support: 6		TCGA-73-4677-11A-01D-1203-02 6
2	89870309	89871411	+	1102	2	89874755	89875806	+	1051	4446	Support: 10		TCGA-73-4677-11A-01D-1203-02 10
2	89869284	89870335	-	1051	2	89874783	89875334	-	551	5499	Support: 6		TCGA-73-4677-11A-01D-1203-02 6
2	89869497	89870599	+	1102	2	89874745	89875796	+	1051	5248	Support: 8		TCGA-73-4677-11A-01D-1203-02 8
2	89869289	89870340	-	1051	2	89872276	89873327	+	1051	2987	Support: 6		TCGA-73-4677-11A-01D-1203-02 6
2	90386253	90387304	-	1051	2	91609100	91610151	+	1051	1222847	Support: 7		TCGA-73-4677-11A-01D-1203-02 7
2	90377304	90378355	-	1051	2	91605983	91607034	+	1051	1228679	Support: 5		TCGA-73-4677-11A-01D-1203-02 5
2	90380723	90381774	-	1051	2	91611508	91612559	+	1051	1230785	Support: 5		TCGA-73-4677-11A-01D-1203-02 5
2	90374393	90375444	-	1051	2	90381123	90382174	+	1051	6730	Support: 10		TCGA-73-4677-11A-01D-1203-02 10
2	90377537	90378588	-	1051	2	90389870	90390921	+	1051	12333	Support: 6		TCGA-73-4677-11A-01D-1203-02 6
2	90374332	90375434	+	1102	2	90378710	90379261	-	551	4378	Support: 6		TCGA-73-4677-11A-01D-1203-02 6
2	90377690	90378741	-	1051	2	90384196	90385247	+	1051	6506	Support: 12		TCGA-73-4677-11A-01D-1203-02 12
2	90386253	90387304	-	1051	2	91595063	91596114	+	1051	1208810	Support: 6		TCGA-73-4677-11A-01D-1203-02 6
2	90380723	90381774	-	1051	2	91598111	91599162	+	1051	1217388	Support: 16		TCGA-73-4677-11A-01D-1203-02 16
2	90386253	90387304	-	1051	2	91611508	91612559	+	1051	1225255	Support: 5		TCGA-73-4677-11A-01D-1203-02 5
2	90382901	90384003	+	1102	2	90388878	90389429	-	551	5977	Support: 20		TCGA-73-4677-11A-01D-1203-02 20
2	90378025	90379127	+	1102	2	91601332	91601883	-	551	1223307	Support: 5		TCGA-73-4677-11A-01D-1203-02 5
2	90373613	90374715	+	1102	2	90392399	90392950	-	551	18786	Support: 6		TCGA-73-4677-11A-01D-1203-02 6
2	90382429	90383480	-	1051	2	90388747	90389798	+	1051	6318	Support: 12		TCGA-73-4677-11A-01D-1203-02 12
2	90376391	90377442	-	1051	2	90383179	90384230	+	1051	6788	Support: 18		TCGA-73-4677-11A-01D-1203-02 18
2	90371502	90372604	+	1102	2	90383945	90384496	-	551	12443	Support: 6		TCGA-73-4677-11A-01D-1203-02 6
2	90382760	90383862	+	1102	2	91607838	91608389	-	551	1225078	Support: 12		TCGA-73-4677-11A-01D-1203-02 12
2	90374874	90375925	-	1051	2	91605408	91606459	+	1051	1230534	Support: 15		TCGA-73-4677-11A-01D-1203-02 15
2	90386253	90387304	-	1051	2	91600234	91601285	+	1051	1213981	Support: 5		TCGA-73-4677-11A-01D-1203-02 5
2	90374874	90375925	-	1051	2	91610767	91611818	+	1051	1235893	Support: 13		TCGA-73-4677-11A-01D-1203-02 13
2	90386253	90387304	-	1051	2	91598111	91599162	+	1051	1211858	Support: 6		TCGA-73-4677-11A-01D-1203-02 6
2	90376646	90377748	+	1102	2	90389262	90389813	-	551	12616	Support: 6		TCGA-73-4677-11A-01D-1203-02 6
2	90389230	90390332	+	1102	2	91596775	91597326	-	551	1207545	Support: 5		TCGA-73-4677-11A-01D-1203-02 5
2	90382760	90383862	+	1102	2	91595860	91596411	-	551	1213100	Support: 6		TCGA-73-4677-11A-01D-1203-02 6
2	90376187	90377289	+	1102	2	90382442	90382993	-	551	6255	Support: 8		TCGA-73-4677-11A-01D-1203-02 8
2	90386253	90387304	-	1051	2	91605408	91606459	+	1051	1219155	Support: 13		TCGA-73-4677-11A-01D-1203-02 13
2	90376148	90377250	+	1102	2	91603452	91604003	-	551	1227304	Support: 13		TCGA-73-4677-11A-01D-1203-02 13
2	90380723	90381774	-	1051	2	91610767	91611818	+	1051	1230044	Support: 9		TCGA-73-4677-11A-01D-1203-02 9
2	90386253	90387304	-	1051	2	91597175	91598226	+	1051	1210922	Support: 8		TCGA-73-4677-11A-01D-1203-02 8
2	90375997	90377099	+	1102	2	90382439	90382990	-	551	6442	Support: 16		TCGA-73-4677-11A-01D-1203-02 16
2	90388565	90389667	+	1102	2	91603452	91604003	-	551	1214887	Support: 5		TCGA-73-4677-11A-01D-1203-02 5
2	90375479	90376530	-	1051	2	90382400	90383451	+	1051	6921	Support: 6		TCGA-73-4677-11A-01D-1203-02 6
2	90388565	90389667	+	1102	2	91595860	91596411	-	551	1207295	Support: 8		TCGA-73-4677-11A-01D-1203-02 8
2	90376187	90377289	+	1102	2	90382439	90382990	-	551	6252	Support: 12		TCGA-73-4677-11A-01D-1203-02 12
2	90387859	90388961	+	1102	2	91595860	91596411	-	551	1208001	Support: 10		TCGA-73-4677-11A-01D-1203-02 10
2	90374386	90375437	-	1051	2	90388223	90389274	+	1051	13837	Support: 10		TCGA-73-4677-11A-01D-1203-02 10
2	90387324	90388375	-	1051	2	90392708	90393759	+	1051	5384	Support: 6		TCGA-73-4677-11A-01D-1203-02 6
2	90380723	90381774	-	1051	2	91597175	91598226	+	1051	1216452	Support: 7		TCGA-73-4677-11A-01D-1203-02 7
2	90375545	90376647	+	1102	2	91603452	91604003	-	551	1227907	Support: 8		TCGA-73-4677-11A-01D-1203-02 8
2	90385610	90386712	+	1102	2	90391685	90392236	-	551	6075	Support: 8		TCGA-73-4677-11A-01D-1203-02 8
2	90375370	90376472	+	1102	2	90387462	90388013	-	551	12092	Support: 8		TCGA-73-4677-11A-01D-1203-02 8
2	90385606	90386708	+	1102	2	91612123	91612674	-	551	1226517	Support: 6		TCGA-73-4677-11A-01D-1203-02 6
2	90381936	90383038	+	1102	2	90388197	90388748	-	551	6261	Support: 8		TCGA-73-4677-11A-01D-1203-02 8
2	90375171	90376273	+	1102	2	90381767	90382318	-	551	6596	Support: 8		TCGA-73-4677-11A-01D-1203-02 8
2	90385258	90386309	-	1051	2	90391064	90392115	+	1051	5806	Support: 8		TCGA-73-4677-11A-01D-1203-02 8
2	90380715	90381766	-	1051	2	90387336	90388387	+	1051	6621	Support: 12		TCGA-73-4677-11A-01D-1203-02 12
2	90374386	90375437	-	1051	2	90387823	90388874	+	1051	13437	Support: 18		TCGA-73-4677-11A-01D-1203-02 18
2	90379792	90380843	-	1051	2	90384090	90385141	+	1051	4298	Support: 8		TCGA-73-4677-11A-01D-1203-02 8
2	90383921	90384972	-	1051	2	91611508	91612559	+	1051	1227587	Support: 5		TCGA-73-4677-11A-01D-1203-02 5
2	90379241	90380343	+	1102	2	90385591	90386142	-	551	6350	Support: 8		TCGA-73-4677-11A-01D-1203-02 8
2	90384145	90385196	-	1051	2	90390281	90391332	+	1051	6136	Support: 6		TCGA-73-4677-11A-01D-1203-02 6
2	90379222	90380273	-	1051	2	90391061	90392112	+	1051	11839	Support: 6		TCGA-73-4677-11A-01D-1203-02 6
2	90375370	90376472	+	1102	2	90387042	90387593	-	551	11672	Support: 18		TCGA-73-4677-11A-01D-1203-02 18
2	90378858	90379960	+	1102	2	90387320	90387871	-	551	8462	Support: 6		TCGA-73-4677-11A-01D-1203-02 6
2	90377841	90378943	+	1102	2	90389262	90389813	-	551	11421	Support: 6		TCGA-73-4677-11A-01D-1203-02 6
2	90458498	90459600	+	1102	2	90464401	90464952	-	551	5903	Support: 6		TCGA-73-4677-11A-01D-1203-02 6
2	91597712	91598763	-	1051	2	91604626	91605677	+	1051	6914	Support: 10		TCGA-73-4677-11A-01D-1203-02 10
2	90389064	90390166	+	1102	2	91595860	91596411	-	551	1206796	Support: 5		TCGA-73-4677-11A-01D-1203-02 5
2	91595864	91596915	-	1051	2	91609321	91610372	+	1051	13457	Support: 7		TCGA-73-4677-11A-01D-1203-02 7
2	90387529	90388580	-	1051	2	91598111	91599162	+	1051	1210582	Support: 6		TCGA-73-4677-11A-01D-1203-02 6
2	90381968	90383019	-	1051	2	91598111	91599162	+	1051	1216143	Support: 14		TCGA-73-4677-11A-01D-1203-02 14
2	90388220	90389322	+	1102	2	91595860	91596411	-	551	1207640	Support: 13		TCGA-73-4677-11A-01D-1203-02 13
2	89841713	89842764	-	1051	2	91596560	91597111	-	551	1754847	Support: 5		TCGA-73-4677-11A-01D-1203-02 5
2	91596916	91597967	-	1051	2	91609711	91610762	+	1051	12795	Support: 6		TCGA-73-4677-11A-01D-1203-02 6
2	90387529	90388580	-	1051	2	91596678	91597729	+	1051	1209149	Support: 9		TCGA-73-4677-11A-01D-1203-02 9
2	91597030	91598132	+	1102	2	91603458	91604009	-	551	6428	Support: 6		TCGA-73-4677-11A-01D-1203-02 6
2	91596311	91597413	+	1102	2	91608527	91609078	-	551	12216	Support: 5		TCGA-73-4677-11A-01D-1203-02 5
2	90387503	90388605	+	1102	2	91595860	91596411	-	551	1208357	Support: 6		TCGA-73-4677-11A-01D-1203-02 6
2	90383173	90384275	+	1102	2	91597889	91598440	-	551	1214716	Support: 5		TCGA-73-4677-11A-01D-1203-02 5
2	90382767	90383818	-	1051	2	91598542	91599593	+	1051	1215775	Support: 8		TCGA-73-4677-11A-01D-1203-02 8
2	91679274	91680376	+	1102	2	91684999	91685550	-	551	5725	Support: 6		TCGA-73-4677-11A-01D-1203-02 6
2	90386261	90387312	-	1051	2	91605032	91606083	+	1051	1218771	Support: 12		TCGA-73-4677-11A-01D-1203-02 12
2	91605203	91606254	-	1051	2	91611103	91612154	+	1051	5900	Support: 12		TCGA-73-4677-11A-01D-1203-02 12
2	90388565	90389667	+	1102	2	91603452	91604003	-	551	1214887	Support: 5		TCGA-73-4677-11A-01D-1203-02 5
2	91605444	91606546	+	1102	2	91611172	91611723	-	551	5728	Support: 8		TCGA-73-4677-11A-01D-1203-02 8
2	90376776	90377878	+	1102	2	91607838	91608389	-	551	1231062	Support: 6		TCGA-73-4677-11A-01D-1203-02 6
2	91604239	91605290	-	1051	2	91610197	91611248	+	1051	5958	Support: 12		TCGA-73-4677-11A-01D-1203-02 12
2	90383985	90385036	-	1051	2	91611508	91612559	+	1051	1227523	Support: 5		TCGA-73-4677-11A-01D-1203-02 5
2	91604389	91605491	+	1102	2	91610080	91610631	-	551	5691	Support: 26		TCGA-73-4677-11A-01D-1203-02 26
2	90373079	90374130	-	1051	2	91605032	91606083	+	1051	1231953	Support: 16		TCGA-73-4677-11A-01D-1203-02 16
2	91601301	91602403	+	1102	2	91612751	91613302	-	551	11450	Support: 5		TCGA-73-4677-11A-01D-1203-02 5
2	90382437	90383488	-	1051	2	91611508	91612559	+	1051	1229071	Support: 13		TCGA-73-4677-11A-01D-1203-02 13
2	90373079	90374130	-	1051	2	91611508	91612559	+	1051	1238429	Support: 9		TCGA-73-4677-11A-01D-1203-02 9
2	90382870	90383972	+	1102	2	91607838	91608389	-	551	1224968	Support: 13		TCGA-73-4677-11A-01D-1203-02 13
2	91604389	91605491	+	1102	2	91609728	91610279	-	551	5339	Support: 8		TCGA-73-4677-11A-01D-1203-02 8
2	90377543	90378594	-	1051	2	91611508	91612559	+	1051	1233965	Support: 5		TCGA-73-4677-11A-01D-1203-02 5
2	91597712	91598763	-	1051	2	91604626	91605677	+	1051	6914	Support: 10		TCGA-73-4677-11A-01D-1203-02 10
2	90377543	90378594	-	1051	2	91605983	91607034	+	1051	1228440	Support: 7		TCGA-73-4677-11A-01D-1203-02 7
2	91597468	91598570	+	1102	2	91603923	91604474	-	551	6455	Support: 18		TCGA-73-4677-11A-01D-1203-02 18
2	90378025	90379127	+	1102	2	91601332	91601883	-	551	1223307	Support: 5		TCGA-73-4677-11A-01D-1203-02 5
2	91602836	91603887	-	1051	2	91609312	91610363	+	1051	6476	Support: 8		TCGA-73-4677-11A-01D-1203-02 8
2	91595864	91596915	-	1051	2	91609321	91610372	+	1051	13457	Support: 9		TCGA-73-4677-11A-01D-1203-02 9
2	90376148	90377250	+	1102	2	91603452	91604003	-	551	1227304	Support: 13		TCGA-73-4677-11A-01D-1203-02 13
2	91596311	91597413	+	1102	2	91608527	91609078	-	551	12216	Support: 5		TCGA-73-4677-11A-01D-1203-02 5
2	90373079	90374130	-	1051	2	91610500	91611551	+	1051	1237421	Support: 7		TCGA-73-4677-11A-01D-1203-02 7
2	90375545	90376647	+	1102	2	91603452	91604003	-	551	1227907	Support: 8		TCGA-73-4677-11A-01D-1203-02 8
2	90374860	90375962	+	1102	2	91607838	91608389	-	551	1232978	Support: 5		TCGA-73-4677-11A-01D-1203-02 5
2	91750429	91751531	+	1102	2	91759262	91759813	-	551	8833	Support: 10		TCGA-73-4677-11A-01D-1203-02 10
2	126442575	126443677	+	1102	2	126451370	126451921	-	551	8795	Support: 8		TCGA-73-4677-11A-01D-1203-02 8
2	127674128	127675230	+	1102	2	127676788	127677339	-	551	2660	Support: 8		TCGA-73-4677-11A-01D-1203-02 8
2	92323193	92324244	-	1051	2	132983900	132984951	+	1051	40660707	Support: 5		TCGA-73-4677-11A-01D-1203-02 5
2	92317330	92318381	-	1051	2	133004212	133005263	+	1051	40686882	Support: 5		TCGA-73-4677-11A-01D-1203-02 5
2	92311192	92312243	-	1051	2	133001915	133002966	+	1051	40690723	Support: 7		TCGA-73-4677-11A-01D-1203-02 7
2	92317330	92318381	-	1051	2	132975144	132976195	+	1051	40657814	Support: 15		TCGA-73-4677-11A-01D-1203-02 15
2	92295328	92296379	-	1051	2	132983900	132984951	+	1051	40688572	Support: 5		TCGA-73-4677-11A-01D-1203-02 5
2	92314159	92315210	-	1051	2	132975144	132976195	+	1051	40660985	Support: 29		TCGA-73-4677-11A-01D-1203-02 29
2	92323193	92324244	-	1051	2	132975144	132976195	+	1051	40651951	Support: 7		TCGA-73-4677-11A-01D-1203-02 7
2	92314159	92315210	-	1051	2	133001915	133002966	+	1051	40687756	Support: 8		TCGA-73-4677-11A-01D-1203-02 8
2	92311192	92312243	-	1051	2	132975144	132976195	+	1051	40663952	Support: 21		TCGA-73-4677-11A-01D-1203-02 21
2	92289429	92290480	-	1051	2	132975144	132976195	+	1051	40685715	Support: 7		TCGA-73-4677-11A-01D-1203-02 7
2	92314159	92315210	-	1051	2	132983900	132984951	+	1051	40669741	Support: 15		TCGA-73-4677-11A-01D-1203-02 15
2	92319920	92320971	-	1051	2	132975144	132976195	+	1051	40655224	Support: 6		TCGA-73-4677-11A-01D-1203-02 6
2	92314159	92315210	-	1051	2	132977031	132978082	+	1051	40662872	Support: 5		TCGA-73-4677-11A-01D-1203-02 5
2	92320266	92321368	+	1102	2	132973893	132974444	-	551	40653627	Support: 6		TCGA-73-4677-11A-01D-1203-02 6
2	92314159	92315210	-	1051	2	133000281	133001332	+	1051	40686122	Support: 5		TCGA-73-4677-11A-01D-1203-02 5
2	92311192	92312243	-	1051	2	132977031	132978082	+	1051	40665839	Support: 5		TCGA-73-4677-11A-01D-1203-02 5
2	92315058	92316160	+	1102	2	132983936	132984487	-	551	40668878	Support: 14		TCGA-73-4677-11A-01D-1203-02 14
2	92311192	92312243	-	1051	2	132983900	132984951	+	1051	40672708	Support: 7		TCGA-73-4677-11A-01D-1203-02 7
2	92290231	92291333	+	1102	2	132983936	132984487	-	551	40693705	Support: 5		TCGA-73-4677-11A-01D-1203-02 5
2	92311966	92313068	+	1102	2	132983936	132984487	-	551	40671970	Support: 16		TCGA-73-4677-11A-01D-1203-02 16
2	92289429	92290480	-	1051	2	133004212	133005263	+	1051	40714783	Support: 5		TCGA-73-4677-11A-01D-1203-02 5
2	92311966	92313068	+	1102	2	132977068	132977619	-	551	40665102	Support: 7		TCGA-73-4677-11A-01D-1203-02 7
2	92280928	92282030	+	1102	2	132973893	132974444	-	551	40692965	Support: 7		TCGA-73-4677-11A-01D-1203-02 7
2	92306225	92307276	-	1051	2	132983900	132984951	+	1051	40677675	Support: 6		TCGA-73-4677-11A-01D-1203-02 6
2	92306225	92307276	-	1051	2	133001915	133002966	+	1051	40695690	Support: 6		TCGA-73-4677-11A-01D-1203-02 6
2	92306225	92307276	-	1051	2	133004212	133005263	+	1051	40697987	Support: 10		TCGA-73-4677-11A-01D-1203-02 10
2	92306225	92307276	-	1051	2	132975144	132976195	+	1051	40668919	Support: 16		TCGA-73-4677-11A-01D-1203-02 16
2	134966108	134967210	+	1102	2	134969633	134970184	-	551	3525	Support: 20		TCGA-73-4677-11A-01D-1203-02 20
2	146862017	146863119	+	1102	2	146876370	146876921	-	551	14353	Support: 10		TCGA-73-4677-11A-01D-1203-02 10
2	158972763	158973865	+	1102	2	158978866	158979417	-	551	6103	Support: 10		TCGA-73-4677-11A-01D-1203-02 10
2	160148479	160149581	+	1102	2	160151165	160151716	-	551	2686	Support: 8		TCGA-73-4677-11A-01D-1203-02 8
2	162134570	162135621	-	1051	2	162138578	162139629	+	1051	4008	Support: 6		TCGA-73-4677-11A-01D-1203-02 6
2	176346077	176347179	+	1102	2	176352378	176352929	-	551	6301	Support: 6		TCGA-73-4677-11A-01D-1203-02 6
2	202146048	202147150	+	1102	2	202149067	202149618	-	551	3019	Support: 6		TCGA-73-4677-11A-01D-1203-02 6
2	217089308	217090410	+	1102	2	217092022	217092573	-	551	2714	Support: 6		TCGA-73-4677-11A-01D-1203-02 6
2	223759567	223760669	+	1102	2	223762220	223762771	-	551	2653	Support: 12		TCGA-73-4677-11A-01D-1203-02 12
