6	19764470	19765572	+	1102	6	19770686	19771237	-	551	6216	Support: 24		TCGA-73-4677-11A-01D-1203-02 24
6	24811264	24812366	+	1102	6	24817494	24818045	-	551	6230	Support: 10		TCGA-73-4677-11A-01D-1203-02 10
6	29684860	29685962	+	1102	6	29687595	29688146	-	551	2735	Support: 22		TCGA-73-4677-11A-01D-1203-02 22
6	29765424	29766475	-	1051	6	29920213	29921264	+	1051	154789	Support: 5		TCGA-73-4677-11A-01D-1203-02 5
6	29740342	29741393	-	1051	6	29783900	29784951	+	1051	43558	Support: 6		TCGA-73-4677-11A-01D-1203-02 6
6	29765424	29766475	-	1051	6	29920213	29921264	+	1051	154789	Support: 5		TCGA-73-4677-11A-01D-1203-02 5
6	31420888	31421990	+	1102	6	31424057	31424608	-	551	3169	Support: 10		TCGA-73-4677-11A-01D-1203-02 10
6	31984535	31985637	+	1102	6	31991133	31991684	-	551	6598	Support: 6		TCGA-73-4677-11A-01D-1203-02 6
6	31951857	31952959	+	1102	6	31958339	31958890	-	551	6482	Support: 10		TCGA-73-4677-11A-01D-1203-02 10
6	35625812	35626914	+	1102	6	35629254	35629805	-	551	3442	Support: 10		TCGA-73-4677-11A-01D-1203-02 10
6	56757723	56758825	+	1102	6	56760477	56761028	-	551	2754	Support: 6		TCGA-73-4677-11A-01D-1203-02 6
6	57284268	57285370	+	1102	6	57288858	57289409	-	551	4590	Support: 8		TCGA-73-4677-11A-01D-1203-02 8
6	57422475	57423577	+	1102	6	57428620	57429171	-	551	6145	Support: 24		TCGA-73-4677-11A-01D-1203-02 24
6	57583075	57584177	+	1102	6	57589808	57590359	-	551	6733	Support: 12		TCGA-73-4677-11A-01D-1203-02 12
6	65710404	65711506	+	1102	6	65715242	65715793	-	551	4838	Support: 12		TCGA-73-4677-11A-01D-1203-02 12
6	105260189	105261291	+	1102	6	105263423	105263974	-	551	3234	Support: 6		TCGA-73-4677-11A-01D-1203-02 6
6	111961456	111962558	+	1102	6	111962329	111963380	+	1051	873	Support: 8		TCGA-73-4677-11A-01D-1203-02 8
6	136599276	136600378	+	1102	6	136603222	136603773	-	551	3946	Support: 6		TCGA-73-4677-11A-01D-1203-02 6
6	164542841	164543943	+	1102	6	164546744	164547295	-	551	3903	Support: 10		TCGA-73-4677-11A-01D-1203-02 10
6	166497033	166498135	+	1102	6	166502113	166502664	-	551	5080	Support: 14		TCGA-73-4677-11A-01D-1203-02 14
