5	11104	12206	+	1102	5	49299	50350	+	1051	38195	Support: 6		TCGA-73-4677-11A-01D-1203-02 6
5	1177683	1178785	+	1102	5	1180246	1180797	-	551	2563	Support: 7		TCGA-73-4677-11A-01D-1203-02 7
5	1967814	1968916	+	1102	5	1971095	1971646	-	551	3281	Support: 16		TCGA-73-4677-11A-01D-1203-02 16
5	53122117	53123168	-	1051	5	53125177	53125728	-	551	3060	Support: 8		TCGA-73-4677-11A-01D-1203-02 8
5	57322841	57323943	+	1102	5	57333282	57333833	-	551	10441	Support: 22		TCGA-73-4677-11A-01D-1203-02 22
5	57679356	57680458	+	1102	5	57685613	57686164	-	551	6257	Support: 8		TCGA-73-4677-11A-01D-1203-02 8
5	65027416	65028518	+	1102	5	65029952	65030503	-	551	2536	Support: 6		TCGA-73-4677-11A-01D-1203-02 6
5	90499168	90500270	+	1102	5	90501597	90502148	-	551	2429	Support: 12		TCGA-73-4677-11A-01D-1203-02 12
5	98344466	98345568	+	1102	5	98347005	98347556	-	551	2539	Support: 6		TCGA-73-4677-11A-01D-1203-02 6
5	99400221	99401323	+	1102	5	99714567	99715118	-	551	314346	Support: 5		TCGA-73-4677-11A-01D-1203-02 5
5	99400221	99401323	+	1102	5	99714567	99715118	-	551	314346	Support: 5		TCGA-73-4677-11A-01D-1203-02 5
5	108594483	108595585	+	1102	5	108600687	108601238	-	551	6204	Support: 6		TCGA-73-4677-11A-01D-1203-02 6
5	108594483	108595585	+	1102	5	108600687	108601238	-	551	6204	Support: 6		TCGA-73-4677-11A-01D-1203-02 6
5	135114567	135115669	+	1102	5	135120228	135120779	-	551	5661	Support: 12		TCGA-73-4677-11A-01D-1203-02 12
5	176386904	176388006	+	1102	5	176389680	176390231	-	551	2776	Support: 6		TCGA-73-4677-11A-01D-1203-02 6
