4	6681798	6682900	+	1102	4	6685363	6685914	-	551	3565	Support: 16		TCGA-73-4677-11A-01D-1203-02 16
4	19078855	19079957	+	1102	4	19085164	19085715	-	551	6309	Support: 14		TCGA-73-4677-11A-01D-1203-02 14
4	26289743	26290845	+	1102	4	26294911	26295462	-	551	5168	Support: 8		TCGA-73-4677-11A-01D-1203-02 8
4	42762075	42763177	+	1102	4	42769044	42769595	-	551	6969	Support: 14		TCGA-73-4677-11A-01D-1203-02 14
4	49099404	49100506	+	1102	4	49111249	49111800	-	551	11845	Support: 5		TCGA-73-4677-11A-01D-1203-02 5
4	49093625	49094727	+	1102	4	49096748	49097299	-	551	3123	Support: 6		TCGA-73-4677-11A-01D-1203-02 6
4	49095382	49096484	+	1102	4	49155942	49156493	-	551	60560	Support: 7		TCGA-73-4677-11A-01D-1203-02 7
4	49093486	49094537	-	1051	4	49099421	49100472	+	1051	5935	Support: 6		TCGA-73-4677-11A-01D-1203-02 6
4	49098316	49099367	-	1051	4	49104281	49105332	+	1051	5965	Support: 6		TCGA-73-4677-11A-01D-1203-02 6
4	49092924	49093975	-	1051	4	49096966	49098017	+	1051	4042	Support: 6		TCGA-73-4677-11A-01D-1203-02 6
4	49097101	49098152	-	1051	4	49121390	49122441	+	1051	24289	Support: 5		TCGA-73-4677-11A-01D-1203-02 5
4	49096080	49097131	-	1051	4	49659056	49659607	-	551	562976	Support: 6		TCGA-73-4677-11A-01D-1203-02 6
4	49096112	49097163	-	1051	4	49151225	49152276	+	1051	55113	Support: 6		TCGA-73-4677-11A-01D-1203-02 6
4	49098285	49099336	-	1051	4	49111510	49112561	+	1051	13225	Support: 7		TCGA-73-4677-11A-01D-1203-02 7
4	49096730	49097781	-	1051	4	49147085	49148136	+	1051	50355	Support: 6		TCGA-73-4677-11A-01D-1203-02 6
4	49098743	49099845	+	1102	4	49119993	49120544	-	551	21250	Support: 6		TCGA-73-4677-11A-01D-1203-02 6
4	49096080	49097131	-	1051	4	49638607	49639158	-	551	542527	Support: 6		TCGA-73-4677-11A-01D-1203-02 6
4	49098320	49099371	-	1051	4	49147085	49148136	+	1051	48765	Support: 5		TCGA-73-4677-11A-01D-1203-02 5
4	49098320	49099371	-	1051	4	49106285	49107336	+	1051	7965	Support: 5		TCGA-73-4677-11A-01D-1203-02 5
4	49098619	49099721	+	1102	4	49104327	49104878	-	551	5708	Support: 5		TCGA-73-4677-11A-01D-1203-02 5
4	49098751	49099853	+	1102	4	49641143	49642194	+	1051	542392	Support: 5		TCGA-73-4677-11A-01D-1203-02 5
4	49098755	49099857	+	1102	4	49150327	49150878	-	551	51572	Support: 6		TCGA-73-4677-11A-01D-1203-02 6
4	49156052	49157154	+	1102	4	49637034	49638085	+	1051	480982	Support: 7		TCGA-73-4677-11A-01D-1203-02 7
4	49102077	49103128	-	1051	4	49123108	49124159	+	1051	21031	Support: 10		TCGA-73-4677-11A-01D-1203-02 10
4	49117689	49118740	-	1051	4	49638436	49638987	-	551	520747	Support: 13		TCGA-73-4677-11A-01D-1203-02 13
4	49104281	49105383	+	1102	4	49109619	49110170	-	551	5338	Support: 8		TCGA-73-4677-11A-01D-1203-02 8
4	49108368	49109419	-	1051	4	49132430	49133481	+	1051	24062	Support: 5		TCGA-73-4677-11A-01D-1203-02 5
4	49117689	49118740	-	1051	4	49651328	49651879	-	551	533639	Support: 9		TCGA-73-4677-11A-01D-1203-02 9
4	49101299	49102350	-	1051	4	49148073	49149124	+	1051	46774	Support: 6		TCGA-73-4677-11A-01D-1203-02 6
4	49110416	49111518	+	1102	4	49148596	49149147	-	551	38180	Support: 8		TCGA-73-4677-11A-01D-1203-02 8
4	49117689	49118740	-	1051	4	49632901	49633452	-	551	515212	Support: 9		TCGA-73-4677-11A-01D-1203-02 9
4	49150674	49151725	-	1051	4	49655472	49656023	-	551	504798	Support: 8		TCGA-73-4677-11A-01D-1203-02 8
4	49108854	49109905	-	1051	4	49122186	49123237	+	1051	13332	Support: 12		TCGA-73-4677-11A-01D-1203-02 12
4	49118977	49120028	-	1051	4	49149026	49150077	+	1051	30049	Support: 12		TCGA-73-4677-11A-01D-1203-02 12
4	49103565	49104616	-	1051	4	49149698	49150749	+	1051	46133	Support: 12		TCGA-73-4677-11A-01D-1203-02 12
4	49120090	49121141	-	1051	4	49147837	49148888	+	1051	27747	Support: 10		TCGA-73-4677-11A-01D-1203-02 10
4	49109838	49110940	+	1102	4	49135625	49136176	-	551	25787	Support: 6		TCGA-73-4677-11A-01D-1203-02 6
4	49117689	49118740	-	1051	4	49648580	49649131	-	551	530891	Support: 5		TCGA-73-4677-11A-01D-1203-02 5
4	49150674	49151725	-	1051	4	49637734	49638285	-	551	487060	Support: 6		TCGA-73-4677-11A-01D-1203-02 6
4	49120090	49121141	-	1051	4	49146950	49148001	+	1051	26860	Support: 20		TCGA-73-4677-11A-01D-1203-02 20
4	49110173	49111275	+	1102	4	49140469	49141020	-	551	30296	Support: 5		TCGA-73-4677-11A-01D-1203-02 5
4	49120121	49121172	-	1051	4	49156284	49157335	+	1051	36163	Support: 12		TCGA-73-4677-11A-01D-1203-02 12
4	49102184	49103235	-	1051	4	49655472	49656023	-	551	553288	Support: 6		TCGA-73-4677-11A-01D-1203-02 6
4	49118977	49120028	-	1051	4	49151460	49152511	+	1051	32483	Support: 42		TCGA-73-4677-11A-01D-1203-02 42
4	49150674	49151725	-	1051	4	49638436	49638987	-	551	487762	Support: 7		TCGA-73-4677-11A-01D-1203-02 7
4	49120653	49121704	-	1051	4	49130664	49131715	+	1051	10011	Support: 6		TCGA-73-4677-11A-01D-1203-02 6
4	49103554	49104605	-	1051	4	49113932	49114983	+	1051	10378	Support: 6		TCGA-73-4677-11A-01D-1203-02 6
4	49120097	49121148	-	1051	4	49131459	49132510	+	1051	11362	Support: 6		TCGA-73-4677-11A-01D-1203-02 6
4	49102184	49103235	-	1051	4	49632901	49633452	-	551	530717	Support: 12		TCGA-73-4677-11A-01D-1203-02 12
4	49121013	49122115	+	1102	4	49145804	49146355	-	551	24791	Support: 6		TCGA-73-4677-11A-01D-1203-02 6
4	49109383	49110434	-	1051	4	49156398	49157449	+	1051	47015	Support: 6		TCGA-73-4677-11A-01D-1203-02 6
4	49150674	49151725	-	1051	4	49651328	49651879	-	551	500654	Support: 5		TCGA-73-4677-11A-01D-1203-02 5
4	49102184	49103235	-	1051	4	49638436	49638987	-	551	536252	Support: 8		TCGA-73-4677-11A-01D-1203-02 8
4	49150674	49151725	-	1051	4	49632901	49633452	-	551	482227	Support: 5		TCGA-73-4677-11A-01D-1203-02 5
4	49108193	49109244	-	1051	4	49136306	49137357	+	1051	28113	Support: 6		TCGA-73-4677-11A-01D-1203-02 6
4	49103218	49104269	-	1051	4	49109510	49110561	+	1051	6292	Support: 16		TCGA-73-4677-11A-01D-1203-02 16
4	49105059	49106110	-	1051	4	49155206	49156257	+	1051	50147	Support: 8		TCGA-73-4677-11A-01D-1203-02 8
4	49120932	49122034	+	1102	4	49151150	49151701	-	551	30218	Support: 8		TCGA-73-4677-11A-01D-1203-02 8
4	49151246	49152348	+	1102	4	49643740	49644791	+	1051	492494	Support: 9		TCGA-73-4677-11A-01D-1203-02 9
4	49102184	49103235	-	1051	4	49651328	49651879	-	551	549144	Support: 8		TCGA-73-4677-11A-01D-1203-02 8
4	49121013	49122115	+	1102	4	49147122	49147673	-	551	26109	Support: 8		TCGA-73-4677-11A-01D-1203-02 8
4	49109897	49110999	+	1102	4	49154478	49155029	-	551	44581	Support: 6		TCGA-73-4677-11A-01D-1203-02 6
4	49121008	49122110	+	1102	4	49659478	49660529	+	1051	538470	Support: 5		TCGA-73-4677-11A-01D-1203-02 5
4	49108397	49109448	-	1051	4	49143882	49144933	+	1051	35485	Support: 8		TCGA-73-4677-11A-01D-1203-02 8
4	49120767	49121869	+	1102	4	49126336	49126887	-	551	5569	Support: 6		TCGA-73-4677-11A-01D-1203-02 6
4	49108368	49109419	-	1051	4	49134460	49135511	+	1051	26092	Support: 6		TCGA-73-4677-11A-01D-1203-02 6
4	49120624	49121726	+	1102	4	49124256	49124807	-	551	3632	Support: 6		TCGA-73-4677-11A-01D-1203-02 6
4	49151246	49152348	+	1102	4	49651068	49652119	+	1051	499822	Support: 5		TCGA-73-4677-11A-01D-1203-02 5
4	49102184	49103235	-	1051	4	49641876	49642427	-	551	539692	Support: 5		TCGA-73-4677-11A-01D-1203-02 5
4	49121013	49122115	+	1102	4	49151150	49151701	-	551	30137	Support: 10		TCGA-73-4677-11A-01D-1203-02 10
4	49107684	49108735	-	1051	4	49139882	49140933	+	1051	32198	Support: 15		TCGA-73-4677-11A-01D-1203-02 15
4	49117689	49118740	-	1051	4	49656288	49656839	-	551	538599	Support: 10		TCGA-73-4677-11A-01D-1203-02 10
4	49104202	49105253	-	1051	4	49148101	49149152	+	1051	43899	Support: 10		TCGA-73-4677-11A-01D-1203-02 10
4	49120437	49121539	+	1102	4	49142039	49142590	-	551	21602	Support: 6		TCGA-73-4677-11A-01D-1203-02 6
4	49104199	49105250	-	1051	4	49648580	49649131	-	551	544381	Support: 11		TCGA-73-4677-11A-01D-1203-02 11
4	49118986	49120037	-	1051	4	49142465	49143516	+	1051	23479	Support: 6		TCGA-73-4677-11A-01D-1203-02 6
4	49151152	49152203	-	1051	4	49156362	49157413	+	1051	5210	Support: 14		TCGA-73-4677-11A-01D-1203-02 14
4	49104199	49105250	-	1051	4	49632901	49633452	-	551	528702	Support: 11		TCGA-73-4677-11A-01D-1203-02 11
4	49101299	49102350	-	1051	4	49147085	49148136	+	1051	45786	Support: 6		TCGA-73-4677-11A-01D-1203-02 6
4	49104199	49105250	-	1051	4	49638436	49638987	-	551	534237	Support: 10		TCGA-73-4677-11A-01D-1203-02 10
4	49118986	49120037	-	1051	4	49141444	49142495	+	1051	22458	Support: 6		TCGA-73-4677-11A-01D-1203-02 6
4	49101918	49102969	-	1051	4	49153240	49154291	+	1051	51322	Support: 9		TCGA-73-4677-11A-01D-1203-02 9
4	49104199	49105250	-	1051	4	49651328	49651879	-	551	547129	Support: 20		TCGA-73-4677-11A-01D-1203-02 20
4	49118451	49119502	-	1051	4	49125120	49126171	+	1051	6669	Support: 8		TCGA-73-4677-11A-01D-1203-02 8
4	49150405	49151456	-	1051	4	49155935	49156986	+	1051	5530	Support: 6		TCGA-73-4677-11A-01D-1203-02 6
4	49119157	49120259	+	1102	4	49151150	49151701	-	551	31993	Support: 6		TCGA-73-4677-11A-01D-1203-02 6
4	49109267	49110369	+	1102	4	49125711	49126262	-	551	16444	Support: 8		TCGA-73-4677-11A-01D-1203-02 8
4	49102194	49103245	-	1051	4	49156223	49157274	+	1051	54029	Support: 8		TCGA-73-4677-11A-01D-1203-02 8
4	49109181	49110283	+	1102	4	49120411	49120962	-	551	11230	Support: 14		TCGA-73-4677-11A-01D-1203-02 14
4	49103519	49104621	+	1102	4	49109518	49110069	-	551	5999	Support: 13		TCGA-73-4677-11A-01D-1203-02 13
4	49118977	49120028	-	1051	4	49147837	49148888	+	1051	28860	Support: 5		TCGA-73-4677-11A-01D-1203-02 5
4	49105059	49106110	-	1051	4	49153691	49154742	+	1051	48632	Support: 20		TCGA-73-4677-11A-01D-1203-02 20
4	49118978	49120029	-	1051	4	49156284	49157335	+	1051	37306	Support: 8		TCGA-73-4677-11A-01D-1203-02 8
4	49104199	49105250	-	1051	4	49634183	49634734	-	551	529984	Support: 11		TCGA-73-4677-11A-01D-1203-02 11
4	49112956	49114007	-	1051	4	49634183	49634734	-	551	521227	Support: 5		TCGA-73-4677-11A-01D-1203-02 5
4	49109287	49110389	+	1102	4	49148135	49148686	-	551	38848	Support: 6		TCGA-73-4677-11A-01D-1203-02 6
4	49114926	49116028	+	1102	4	49127931	49128482	-	551	13005	Support: 6		TCGA-73-4677-11A-01D-1203-02 6
4	49108193	49109244	-	1051	4	49134460	49135511	+	1051	26267	Support: 6		TCGA-73-4677-11A-01D-1203-02 6
4	49113029	49114080	-	1051	4	49122010	49123061	+	1051	8981	Support: 6		TCGA-73-4677-11A-01D-1203-02 6
4	49104199	49105250	-	1051	4	49656288	49656839	-	551	552089	Support: 6		TCGA-73-4677-11A-01D-1203-02 6
4	49103479	49104581	+	1102	4	49111498	49112049	-	551	8019	Support: 6		TCGA-73-4677-11A-01D-1203-02 6
4	49114206	49115308	+	1102	4	49120352	49120903	-	551	6146	Support: 6		TCGA-73-4677-11A-01D-1203-02 6
4	49104202	49105253	-	1051	4	49149698	49150749	+	1051	45496	Support: 22		TCGA-73-4677-11A-01D-1203-02 22
4	49147094	49148145	-	1051	4	49632901	49633452	-	551	485807	Support: 8		TCGA-73-4677-11A-01D-1203-02 8
4	49108350	49109452	+	1102	4	49111220	49111771	-	551	2870	Support: 6		TCGA-73-4677-11A-01D-1203-02 6
4	49114133	49115235	+	1102	4	49119178	49119729	-	551	5045	Support: 6		TCGA-73-4677-11A-01D-1203-02 6
4	49104199	49105250	-	1051	4	49644805	49645356	-	551	540606	Support: 8		TCGA-73-4677-11A-01D-1203-02 8
4	49147094	49148145	-	1051	4	49651328	49651879	-	551	504234	Support: 5		TCGA-73-4677-11A-01D-1203-02 5
4	49106040	49107091	-	1051	4	49156398	49157449	+	1051	50358	Support: 16		TCGA-73-4677-11A-01D-1203-02 16
4	49114128	49115230	+	1102	4	49122451	49123002	-	551	8323	Support: 6		TCGA-73-4677-11A-01D-1203-02 6
4	49107061	49108163	+	1102	4	49112245	49112796	-	551	5184	Support: 6		TCGA-73-4677-11A-01D-1203-02 6
4	49109951	49111002	-	1051	4	49142534	49143585	+	1051	32583	Support: 11		TCGA-73-4677-11A-01D-1203-02 11
4	49102623	49103674	-	1051	4	49128900	49129951	+	1051	26277	Support: 6		TCGA-73-4677-11A-01D-1203-02 6
4	49113040	49114091	-	1051	4	49152708	49153759	+	1051	39668	Support: 6		TCGA-73-4677-11A-01D-1203-02 6
4	49103261	49104363	+	1102	4	49121060	49121611	-	551	17799	Support: 8		TCGA-73-4677-11A-01D-1203-02 8
4	49112988	49114039	-	1051	4	49157362	49158413	+	1051	44374	Support: 6		TCGA-73-4677-11A-01D-1203-02 6
4	49148815	49149866	-	1051	4	49156383	49157434	+	1051	7568	Support: 8		TCGA-73-4677-11A-01D-1203-02 8
4	49104206	49105257	-	1051	4	49151459	49152510	+	1051	47253	Support: 17		TCGA-73-4677-11A-01D-1203-02 17
4	49113028	49114079	-	1051	4	49121163	49122214	+	1051	8135	Support: 6		TCGA-73-4677-11A-01D-1203-02 6
4	49104202	49105253	-	1051	4	49146482	49147533	+	1051	42280	Support: 15		TCGA-73-4677-11A-01D-1203-02 15
4	49103182	49104284	+	1102	4	49140931	49141482	-	551	37749	Support: 8		TCGA-73-4677-11A-01D-1203-02 8
4	49104202	49105253	-	1051	4	49147184	49148235	+	1051	42982	Support: 15		TCGA-73-4677-11A-01D-1203-02 15
4	49109951	49111002	-	1051	4	49139882	49140933	+	1051	29931	Support: 10		TCGA-73-4677-11A-01D-1203-02 10
4	49104199	49105250	-	1051	4	49642568	49643119	-	551	538369	Support: 5		TCGA-73-4677-11A-01D-1203-02 5
4	49148154	49149256	+	1102	4	49151149	49151700	-	551	2995	Support: 8		TCGA-73-4677-11A-01D-1203-02 8
4	49111377	49112428	-	1051	4	49120770	49121821	+	1051	9393	Support: 8		TCGA-73-4677-11A-01D-1203-02 8
4	49105023	49106074	-	1051	4	49136200	49137251	+	1051	31177	Support: 7		TCGA-73-4677-11A-01D-1203-02 7
4	49098314	49099365	-	1051	4	49143881	49144932	+	1051	45567	Support: 13		TCGA-73-4677-11A-01D-1203-02 13
4	49112519	49113621	+	1102	4	49122055	49122606	-	551	9536	Support: 6		TCGA-73-4677-11A-01D-1203-02 6
4	49104114	49105165	-	1051	4	49122183	49123234	+	1051	18069	Support: 20		TCGA-73-4677-11A-01D-1203-02 20
4	49103261	49104363	+	1102	4	49120656	49121207	-	551	17395	Support: 6		TCGA-73-4677-11A-01D-1203-02 6
4	49106290	49107392	+	1102	4	49142956	49143507	-	551	36666	Support: 6		TCGA-73-4677-11A-01D-1203-02 6
4	49109934	49110985	-	1051	4	49651328	49651879	-	551	541394	Support: 9		TCGA-73-4677-11A-01D-1203-02 9
4	49105070	49106121	-	1051	4	49114247	49115298	+	1051	9177	Support: 6		TCGA-73-4677-11A-01D-1203-02 6
4	49109934	49110985	-	1051	4	49638436	49638987	-	551	528502	Support: 6		TCGA-73-4677-11A-01D-1203-02 6
4	49145851	49146902	-	1051	4	49151224	49152275	+	1051	5373	Support: 14		TCGA-73-4677-11A-01D-1203-02 14
4	49112237	49113339	+	1102	4	49149662	49150213	-	551	37425	Support: 9		TCGA-73-4677-11A-01D-1203-02 9
4	49106287	49107389	+	1102	4	49112194	49112745	-	551	5907	Support: 6		TCGA-73-4677-11A-01D-1203-02 6
4	49109915	49110966	-	1051	4	49132430	49133481	+	1051	22515	Support: 14		TCGA-73-4677-11A-01D-1203-02 14
4	49145081	49146132	-	1051	4	49632901	49633452	-	551	487820	Support: 6		TCGA-73-4677-11A-01D-1203-02 6
4	49106282	49107384	+	1102	4	49113396	49113947	-	551	7114	Support: 6		TCGA-73-4677-11A-01D-1203-02 6
4	49102184	49103235	-	1051	4	49656288	49656839	-	551	554104	Support: 7		TCGA-73-4677-11A-01D-1203-02 7
4	49104201	49105252	-	1051	4	49143882	49144933	+	1051	39681	Support: 6		TCGA-73-4677-11A-01D-1203-02 6
4	49146152	49147203	-	1051	4	49149050	49150101	+	1051	2898	Support: 6		TCGA-73-4677-11A-01D-1203-02 6
4	49112200	49113251	-	1051	4	49137902	49138953	+	1051	25702	Support: 5		TCGA-73-4677-11A-01D-1203-02 5
4	49141850	49142901	-	1051	4	49638436	49638987	-	551	496586	Support: 5		TCGA-73-4677-11A-01D-1203-02 5
4	49112231	49113333	+	1102	4	49120513	49121064	-	551	8282	Support: 8		TCGA-73-4677-11A-01D-1203-02 8
4	49102885	49103936	-	1051	4	49112235	49113286	+	1051	9350	Support: 6		TCGA-73-4677-11A-01D-1203-02 6
4	49104202	49105253	-	1051	4	49119606	49120657	+	1051	15404	Support: 12		TCGA-73-4677-11A-01D-1203-02 12
4	49143321	49144372	-	1051	4	49151209	49152260	+	1051	7888	Support: 8		TCGA-73-4677-11A-01D-1203-02 8
4	49111031	49112082	-	1051	4	49130657	49131708	+	1051	19626	Support: 8		TCGA-73-4677-11A-01D-1203-02 8
4	49104202	49105253	-	1051	4	49149057	49150108	+	1051	44855	Support: 10		TCGA-73-4677-11A-01D-1203-02 10
4	49112146	49113197	-	1051	4	49152708	49153759	+	1051	40562	Support: 10		TCGA-73-4677-11A-01D-1203-02 10
4	49104114	49105165	-	1051	4	49125344	49126395	+	1051	21230	Support: 8		TCGA-73-4677-11A-01D-1203-02 8
4	49109924	49110975	-	1051	4	49148888	49149939	+	1051	38964	Support: 6		TCGA-73-4677-11A-01D-1203-02 6
4	49105987	49107089	+	1102	4	49120403	49120954	-	551	14416	Support: 10		TCGA-73-4677-11A-01D-1203-02 10
4	49112237	49113339	+	1102	4	49143146	49143697	-	551	30909	Support: 6		TCGA-73-4677-11A-01D-1203-02 6
4	49104199	49105250	-	1051	4	49658133	49658684	-	551	553934	Support: 5		TCGA-73-4677-11A-01D-1203-02 5
4	49109951	49111002	-	1051	4	49141446	49142497	+	1051	31495	Support: 10		TCGA-73-4677-11A-01D-1203-02 10
4	49138578	49139629	-	1051	4	49146115	49147166	+	1051	7537	Support: 6		TCGA-73-4677-11A-01D-1203-02 6
4	49112246	49113348	+	1102	4	49137368	49137919	-	551	25122	Support: 6		TCGA-73-4677-11A-01D-1203-02 6
4	49104881	49105932	-	1051	4	49141750	49142801	+	1051	36869	Support: 6		TCGA-73-4677-11A-01D-1203-02 6
4	49109924	49110975	-	1051	4	49143882	49144933	+	1051	33958	Support: 8		TCGA-73-4677-11A-01D-1203-02 8
4	49105807	49106909	+	1102	4	49155618	49156169	-	551	49811	Support: 8		TCGA-73-4677-11A-01D-1203-02 8
4	49111377	49112428	-	1051	4	49121163	49122214	+	1051	9786	Support: 12		TCGA-73-4677-11A-01D-1203-02 12
4	49105807	49106909	+	1102	4	49154478	49155029	-	551	48671	Support: 6		TCGA-73-4677-11A-01D-1203-02 6
4	49109924	49110975	-	1051	4	49147607	49148658	+	1051	37683	Support: 6		TCGA-73-4677-11A-01D-1203-02 6
4	49105807	49106909	+	1102	4	49150202	49150753	-	551	44395	Support: 20		TCGA-73-4677-11A-01D-1203-02 20
4	49112146	49113197	-	1051	4	49156398	49157449	+	1051	44252	Support: 6		TCGA-73-4677-11A-01D-1203-02 6
4	49105397	49106499	+	1102	4	49109149	49109700	-	551	3752	Support: 6		TCGA-73-4677-11A-01D-1203-02 6
4	49112146	49113197	-	1051	4	49156870	49157921	+	1051	44724	Support: 8		TCGA-73-4677-11A-01D-1203-02 8
4	49105395	49106497	+	1102	4	49118976	49119527	-	551	13581	Support: 10		TCGA-73-4677-11A-01D-1203-02 10
4	49109934	49110985	-	1051	4	49658133	49658684	-	551	548199	Support: 7		TCGA-73-4677-11A-01D-1203-02 7
4	49137558	49138609	-	1051	4	49151204	49152255	+	1051	13646	Support: 6		TCGA-73-4677-11A-01D-1203-02 6
4	49105393	49106495	+	1102	4	49653197	49654248	+	1051	547804	Support: 6		TCGA-73-4677-11A-01D-1203-02 6
4	49110890	49111941	-	1051	4	49134114	49135165	+	1051	23224	Support: 6		TCGA-73-4677-11A-01D-1203-02 6
4	49105807	49106909	+	1102	4	49145541	49146092	-	551	39734	Support: 12		TCGA-73-4677-11A-01D-1203-02 12
4	49101299	49102350	-	1051	4	49149698	49150749	+	1051	48399	Support: 6		TCGA-73-4677-11A-01D-1203-02 6
4	49105807	49106909	+	1102	4	49140931	49141482	-	551	35124	Support: 12		TCGA-73-4677-11A-01D-1203-02 12
4	49109924	49110975	-	1051	4	49147837	49148888	+	1051	37913	Support: 10		TCGA-73-4677-11A-01D-1203-02 10
4	49105390	49106492	+	1102	4	49109828	49110379	-	551	4438	Support: 12		TCGA-73-4677-11A-01D-1203-02 12
4	49111883	49112934	-	1051	4	49126343	49127394	+	1051	14460	Support: 6		TCGA-73-4677-11A-01D-1203-02 6
4	49105393	49106495	+	1102	4	49651068	49652119	+	1051	545675	Support: 5		TCGA-73-4677-11A-01D-1203-02 5
4	49109934	49110985	-	1051	4	49644161	49644712	-	551	534227	Support: 5		TCGA-73-4677-11A-01D-1203-02 5
4	49094535	49095586	-	1051	4	49144771	49145822	+	1051	50236	Support: 11		TCGA-73-4677-11A-01D-1203-02 11
4	49109924	49110975	-	1051	4	49147303	49148354	+	1051	37379	Support: 15		TCGA-73-4677-11A-01D-1203-02 15
4	49101040	49102142	+	1102	4	49104200	49104751	-	551	3160	Support: 6		TCGA-73-4677-11A-01D-1203-02 6
4	49111471	49112573	+	1102	4	49130144	49130695	-	551	18673	Support: 6		TCGA-73-4677-11A-01D-1203-02 6
4	49105807	49106909	+	1102	4	49148135	49148686	-	551	42328	Support: 8		TCGA-73-4677-11A-01D-1203-02 8
4	49137512	49138614	+	1102	4	49155685	49156236	-	551	18173	Support: 6		TCGA-73-4677-11A-01D-1203-02 6
4	49111434	49112536	+	1102	4	49122371	49122922	-	551	10937	Support: 6		TCGA-73-4677-11A-01D-1203-02 6
4	49105807	49106909	+	1102	4	49137555	49138106	-	551	31748	Support: 6		TCGA-73-4677-11A-01D-1203-02 6
4	49133997	49135048	-	1051	4	49632901	49633452	-	551	498904	Support: 5		TCGA-73-4677-11A-01D-1203-02 5
4	49111375	49112477	+	1102	4	49126309	49126860	-	551	14934	Support: 6		TCGA-73-4677-11A-01D-1203-02 6
4	49104881	49105932	-	1051	4	49138697	49139748	+	1051	33816	Support: 6		TCGA-73-4677-11A-01D-1203-02 6
4	49111589	49112691	+	1102	4	49150787	49151338	-	551	39198	Support: 6		TCGA-73-4677-11A-01D-1203-02 6
4	49105807	49106909	+	1102	4	49135765	49136316	-	551	29958	Support: 12		TCGA-73-4677-11A-01D-1203-02 12
4	49109961	49111012	-	1051	4	49155206	49156257	+	1051	45245	Support: 6		TCGA-73-4677-11A-01D-1203-02 6
4	49105388	49106490	+	1102	4	49112250	49112801	-	551	6862	Support: 6		TCGA-73-4677-11A-01D-1203-02 6
4	49109961	49111012	-	1051	4	49156870	49157921	+	1051	46909	Support: 6		TCGA-73-4677-11A-01D-1203-02 6
4	49098314	49099365	-	1051	4	49142321	49143372	+	1051	44007	Support: 8		TCGA-73-4677-11A-01D-1203-02 8
4	49109961	49111012	-	1051	4	49152708	49153759	+	1051	42747	Support: 8		TCGA-73-4677-11A-01D-1203-02 8
4	49136243	49137294	-	1051	4	49146188	49147239	+	1051	9945	Support: 10		TCGA-73-4677-11A-01D-1203-02 10
4	49111215	49112317	+	1102	4	49120102	49120653	-	551	8887	Support: 12		TCGA-73-4677-11A-01D-1203-02 12
4	49105389	49106491	+	1102	4	49130026	49130577	-	551	24637	Support: 6		TCGA-73-4677-11A-01D-1203-02 6
4	49109924	49110975	-	1051	4	49151210	49152261	+	1051	41286	Support: 12		TCGA-73-4677-11A-01D-1203-02 12
4	49097101	49098152	-	1051	4	49121390	49122441	+	1051	24289	Support: 20		TCGA-73-4677-11A-01D-1203-02 20
4	49105807	49106909	+	1102	4	49142956	49143507	-	551	37149	Support: 6		TCGA-73-4677-11A-01D-1203-02 6
4	49109961	49111012	-	1051	4	49157362	49158413	+	1051	47401	Support: 8		TCGA-73-4677-11A-01D-1203-02 8
4	49104881	49105932	-	1051	4	49136306	49137357	+	1051	31425	Support: 10		TCGA-73-4677-11A-01D-1203-02 10
4	49110783	49111885	+	1102	4	49113755	49114306	-	551	2972	Support: 6		TCGA-73-4677-11A-01D-1203-02 6
4	49134888	49135990	+	1102	4	49155687	49156238	-	551	20799	Support: 8		TCGA-73-4677-11A-01D-1203-02 8
4	49104209	49105260	-	1051	4	49112224	49113275	+	1051	8015	Support: 12		TCGA-73-4677-11A-01D-1203-02 12
4	49134002	49135053	-	1051	4	49143887	49144938	+	1051	9885	Support: 6		TCGA-73-4677-11A-01D-1203-02 6
4	49104114	49105165	-	1051	4	49122950	49124001	+	1051	18836	Support: 16		TCGA-73-4677-11A-01D-1203-02 16
4	49110225	49111276	-	1051	4	49121617	49122668	+	1051	11392	Support: 6		TCGA-73-4677-11A-01D-1203-02 6
4	49098322	49099373	-	1051	4	49112224	49113275	+	1051	13902	Support: 32		TCGA-73-4677-11A-01D-1203-02 32
4	49105393	49106495	+	1102	4	49642115	49643166	+	1051	536722	Support: 5		TCGA-73-4677-11A-01D-1203-02 5
4	49110379	49111481	+	1102	4	49119860	49120411	-	551	9481	Support: 6		TCGA-73-4677-11A-01D-1203-02 6
4	49105075	49106177	+	1102	4	49110864	49111415	-	551	5789	Support: 5		TCGA-73-4677-11A-01D-1203-02 5
4	49110594	49111696	+	1102	4	49126309	49126860	-	551	15715	Support: 6		TCGA-73-4677-11A-01D-1203-02 6
4	49134476	49135527	-	1051	4	49141160	49142211	+	1051	6684	Support: 6		TCGA-73-4677-11A-01D-1203-02 6
4	49105075	49106177	+	1102	4	49109806	49110357	-	551	4731	Support: 5		TCGA-73-4677-11A-01D-1203-02 5
4	49100623	49101725	+	1102	4	49119187	49119738	-	551	18564	Support: 6		TCGA-73-4677-11A-01D-1203-02 6
4	49109915	49110966	-	1051	4	49130098	49131149	+	1051	20183	Support: 6		TCGA-73-4677-11A-01D-1203-02 6
4	49104205	49105256	-	1051	4	49109267	49110318	+	1051	5062	Support: 6		TCGA-73-4677-11A-01D-1203-02 6
4	49110416	49111518	+	1102	4	49150202	49150753	-	551	39786	Support: 5		TCGA-73-4677-11A-01D-1203-02 5
4	49105048	49106150	+	1102	4	49150202	49150753	-	551	45154	Support: 10		TCGA-73-4677-11A-01D-1203-02 10
4	49109974	49111076	+	1102	4	49115944	49116495	-	551	5970	Support: 6		TCGA-73-4677-11A-01D-1203-02 6
4	49105044	49106146	+	1102	4	49133181	49133732	-	551	28137	Support: 6		TCGA-73-4677-11A-01D-1203-02 6
4	49110416	49111518	+	1102	4	49148135	49148686	-	551	37719	Support: 6		TCGA-73-4677-11A-01D-1203-02 6
4	49104201	49105252	-	1051	4	49142534	49143585	+	1051	38333	Support: 6		TCGA-73-4677-11A-01D-1203-02 6
4	49133991	49135042	-	1051	4	49151904	49152955	+	1051	17913	Support: 11		TCGA-73-4677-11A-01D-1203-02 11
4	49103838	49104889	-	1051	4	49110799	49111850	+	1051	6961	Support: 10		TCGA-73-4677-11A-01D-1203-02 10
4	49133183	49134234	-	1051	4	49142011	49143062	+	1051	8828	Support: 6		TCGA-73-4677-11A-01D-1203-02 6
4	49105390	49106492	+	1102	4	49109414	49109965	-	551	4024	Support: 6		TCGA-73-4677-11A-01D-1203-02 6
4	49132428	49133530	+	1102	4	49138717	49139268	-	551	6289	Support: 6		TCGA-73-4677-11A-01D-1203-02 6
4	49104203	49105254	-	1051	4	49120789	49121840	+	1051	16586	Support: 6		TCGA-73-4677-11A-01D-1203-02 6
4	49100543	49101645	+	1102	4	49104728	49105279	-	551	4185	Support: 6		TCGA-73-4677-11A-01D-1203-02 6
4	49103838	49104889	-	1051	4	49110435	49111486	+	1051	6597	Support: 10		TCGA-73-4677-11A-01D-1203-02 10
4	49097101	49098152	-	1051	4	49122069	49123120	+	1051	24968	Support: 6		TCGA-73-4677-11A-01D-1203-02 6
4	49103838	49104889	-	1051	4	49110784	49111835	+	1051	6946	Support: 6		TCGA-73-4677-11A-01D-1203-02 6
4	49100504	49101606	+	1102	4	49103860	49104411	-	551	3356	Support: 5		TCGA-73-4677-11A-01D-1203-02 5
4	49104201	49105252	-	1051	4	49146482	49147533	+	1051	42281	Support: 14		TCGA-73-4677-11A-01D-1203-02 14
4	49096730	49097781	-	1051	4	49148069	49149120	+	1051	51339	Support: 21		TCGA-73-4677-11A-01D-1203-02 21
4	49105048	49106150	+	1102	4	49142956	49143507	-	551	37908	Support: 6		TCGA-73-4677-11A-01D-1203-02 6
4	49099959	49101010	-	1051	4	49110020	49111071	+	1051	10061	Support: 11		TCGA-73-4677-11A-01D-1203-02 11
4	49104478	49105580	+	1102	4	49110431	49110982	-	551	5953	Support: 6		TCGA-73-4677-11A-01D-1203-02 6
4	49100623	49101725	+	1102	4	49120402	49120953	-	551	19779	Support: 6		TCGA-73-4677-11A-01D-1203-02 6
4	49104444	49105546	+	1102	4	49119851	49120402	-	551	15407	Support: 16		TCGA-73-4677-11A-01D-1203-02 16
4	49099176	49100227	-	1051	4	49105391	49106442	+	1051	6215	Support: 15		TCGA-73-4677-11A-01D-1203-02 15
4	49104698	49105800	+	1102	4	49109228	49109779	-	551	4530	Support: 6		TCGA-73-4677-11A-01D-1203-02 6
4	49095428	49096479	-	1051	4	49152415	49153466	+	1051	56987	Support: 8		TCGA-73-4677-11A-01D-1203-02 8
4	49104289	49105391	+	1102	4	49150327	49150878	-	551	46038	Support: 8		TCGA-73-4677-11A-01D-1203-02 8
4	49127736	49128787	-	1051	4	49648580	49649131	-	551	520844	Support: 6		TCGA-73-4677-11A-01D-1203-02 6
4	49104281	49105383	+	1102	4	49109234	49109785	-	551	4953	Support: 6		TCGA-73-4677-11A-01D-1203-02 6
4	49100313	49101415	+	1102	4	49128137	49128688	-	551	27824	Support: 8		TCGA-73-4677-11A-01D-1203-02 8
4	49104201	49105252	-	1051	4	49149698	49150749	+	1051	45497	Support: 6		TCGA-73-4677-11A-01D-1203-02 6
4	49127736	49128787	-	1051	4	49651328	49651879	-	551	523592	Support: 5		TCGA-73-4677-11A-01D-1203-02 5
4	49104205	49105256	-	1051	4	49109890	49110941	+	1051	5685	Support: 11		TCGA-73-4677-11A-01D-1203-02 11
4	49127736	49128787	-	1051	4	49638436	49638987	-	551	510700	Support: 9		TCGA-73-4677-11A-01D-1203-02 9
4	49103812	49104863	-	1051	4	49132351	49133402	+	1051	28539	Support: 12		TCGA-73-4677-11A-01D-1203-02 12
4	49127736	49128787	-	1051	4	49656990	49657541	-	551	529254	Support: 5		TCGA-73-4677-11A-01D-1203-02 5
4	49104200	49105251	-	1051	4	49137566	49138617	+	1051	33366	Support: 6		TCGA-73-4677-11A-01D-1203-02 6
4	49130160	49131262	+	1102	4	49146157	49146708	-	551	15997	Support: 6		TCGA-73-4677-11A-01D-1203-02 6
4	49104200	49105251	-	1051	4	49140100	49141151	+	1051	35900	Support: 6		TCGA-73-4677-11A-01D-1203-02 6
4	49100271	49101373	+	1102	4	49104330	49104881	-	551	4059	Support: 7		TCGA-73-4677-11A-01D-1203-02 7
4	49104499	49105601	+	1102	4	49145541	49146092	-	551	41042	Support: 5		TCGA-73-4677-11A-01D-1203-02 5
4	49095428	49096479	-	1051	4	49153947	49154998	+	1051	58519	Support: 10		TCGA-73-4677-11A-01D-1203-02 10
4	49104162	49105264	+	1102	4	49113682	49114233	-	551	9520	Support: 6		TCGA-73-4677-11A-01D-1203-02 6
4	49128165	49129216	-	1051	4	49156218	49157269	+	1051	28053	Support: 6		TCGA-73-4677-11A-01D-1203-02 6
4	49094535	49095586	-	1051	4	49149058	49150109	+	1051	54523	Support: 10		TCGA-73-4677-11A-01D-1203-02 10
4	49128165	49129216	-	1051	4	49151547	49152598	+	1051	23382	Support: 6		TCGA-73-4677-11A-01D-1203-02 6
4	49128476	49129578	+	1102	4	49659478	49660529	+	1051	531002	Support: 7		TCGA-73-4677-11A-01D-1203-02 7
4	49099907	49100958	-	1051	4	49114207	49115258	+	1051	14300	Support: 6		TCGA-73-4677-11A-01D-1203-02 6
4	49127014	49128065	-	1051	4	49149049	49150100	+	1051	22035	Support: 6		TCGA-73-4677-11A-01D-1203-02 6
4	49100032	49101134	+	1102	4	49148137	49148688	-	551	48105	Support: 6		TCGA-73-4677-11A-01D-1203-02 6
4	49122459	49123510	-	1051	4	49638436	49638987	-	551	515977	Support: 5		TCGA-73-4677-11A-01D-1203-02 5
4	49099908	49101010	+	1102	4	49120402	49120953	-	551	20494	Support: 6		TCGA-73-4677-11A-01D-1203-02 6
4	49126327	49127429	+	1102	4	49144267	49144818	-	551	17940	Support: 6		TCGA-73-4677-11A-01D-1203-02 6
4	49098312	49099363	-	1051	4	49155206	49156257	+	1051	56894	Support: 5		TCGA-73-4677-11A-01D-1203-02 5
4	49125650	49126752	+	1102	4	49140906	49141457	-	551	15256	Support: 6		TCGA-73-4677-11A-01D-1203-02 6
4	49099856	49100958	+	1102	4	49105072	49105623	-	551	5216	Support: 8		TCGA-73-4677-11A-01D-1203-02 8
4	49124983	49126085	+	1102	4	49140906	49141457	-	551	15923	Support: 6		TCGA-73-4677-11A-01D-1203-02 6
4	49099670	49100772	+	1102	4	49111375	49111926	-	551	11705	Support: 8		TCGA-73-4677-11A-01D-1203-02 8
4	49122772	49123874	+	1102	4	49147112	49147663	-	551	24340	Support: 6		TCGA-73-4677-11A-01D-1203-02 6
4	49098285	49099336	-	1051	4	49111510	49112561	+	1051	13225	Support: 9		TCGA-73-4677-11A-01D-1203-02 9
4	49122427	49123478	-	1051	4	49155099	49156150	+	1051	32672	Support: 6		TCGA-73-4677-11A-01D-1203-02 6
4	49094535	49095586	-	1051	4	49151225	49152276	+	1051	56690	Support: 14		TCGA-73-4677-11A-01D-1203-02 14
4	49099670	49100772	+	1102	4	49111268	49111819	-	551	11598	Support: 7		TCGA-73-4677-11A-01D-1203-02 7
4	49098316	49099367	-	1051	4	49104281	49105332	+	1051	5965	Support: 6		TCGA-73-4677-11A-01D-1203-02 6
4	49097708	49098759	-	1051	4	49106285	49107336	+	1051	8577	Support: 8		TCGA-73-4677-11A-01D-1203-02 8
4	49098743	49099845	+	1102	4	49119993	49120544	-	551	21250	Support: 7		TCGA-73-4677-11A-01D-1203-02 7
4	49098619	49099721	+	1102	4	49104327	49104878	-	551	5708	Support: 5		TCGA-73-4677-11A-01D-1203-02 5
4	49098366	49099468	+	1102	4	49150327	49150878	-	551	51961	Support: 7		TCGA-73-4677-11A-01D-1203-02 7
4	49097708	49098759	-	1051	4	49105466	49106517	+	1051	7758	Support: 6		TCGA-73-4677-11A-01D-1203-02 6
4	49094843	49095894	-	1051	4	49121390	49122441	+	1051	26547	Support: 5		TCGA-73-4677-11A-01D-1203-02 5
4	49095382	49096484	+	1102	4	49155751	49156302	-	551	60369	Support: 7		TCGA-73-4677-11A-01D-1203-02 7
