20	2802538	2803640	+	1102	20	2805927	2806478	-	551	3389	Support: 16		TCGA-73-4677-11A-01D-1203-02 16
20	5623580	5624631	-	1051	20	5630883	5631934	+	1051	7303	Support: 6		TCGA-73-4677-11A-01D-1203-02 6
20	21285466	21286568	+	1102	20	21288336	21288887	-	551	2870	Support: 10		TCGA-73-4677-11A-01D-1203-02 10
20	32815287	32816389	+	1102	20	32818735	32819286	-	551	3448	Support: 10		TCGA-73-4677-11A-01D-1203-02 10
20	21285466	21286568	+	1102	20	21288336	21288887	-	551	2870	Support: 10		TCGA-73-4677-11A-01D-1203-02 10
20	42271275	42272377	+	1102	20	42274173	42274724	-	551	2898	Support: 10		TCGA-73-4677-11A-01D-1203-02 10
20	43308417	43309468	-	1051	20	43311432	43311983	-	551	3015	Support: 12		TCGA-73-4677-11A-01D-1203-02 12
20	43305226	43306328	+	1102	20	43311607	43312658	+	1051	6381	Support: 8		TCGA-73-4677-11A-01D-1203-02 8
20	32815287	32816389	+	1102	20	32818735	32819286	-	551	3448	Support: 10		TCGA-73-4677-11A-01D-1203-02 10
20	54433965	54435067	+	1102	20	54440149	54440700	-	551	6184	Support: 8		TCGA-73-4677-11A-01D-1203-02 8
20	42271275	42272377	+	1102	20	42274173	42274724	-	551	2898	Support: 10		TCGA-73-4677-11A-01D-1203-02 10
20	43308417	43309468	-	1051	20	43311432	43311983	-	551	3015	Support: 12		TCGA-73-4677-11A-01D-1203-02 12
20	43305226	43306328	+	1102	20	43311607	43312658	+	1051	6381	Support: 8		TCGA-73-4677-11A-01D-1203-02 8
20	54433965	54435067	+	1102	20	54440149	54440700	-	551	6184	Support: 8		TCGA-73-4677-11A-01D-1203-02 8
